1532 2045
2 256 256
1 257

2 1 0 256 1788 XOR
2 1 1 257 512 XOR
2 1 2 258 513 XOR
2 1 3 259 514 XOR
2 1 4 260 515 XOR
2 1 5 261 516 XOR
2 1 6 262 517 XOR
2 1 7 263 518 XOR
2 1 8 264 519 XOR
2 1 9 265 520 XOR
2 1 10 266 521 XOR
2 1 11 267 522 XOR
2 1 12 268 523 XOR
2 1 13 269 524 XOR
2 1 14 270 525 XOR
2 1 15 271 526 XOR
2 1 16 272 527 XOR
2 1 17 273 528 XOR
2 1 18 274 529 XOR
2 1 19 275 530 XOR
2 1 20 276 531 XOR
2 1 21 277 532 XOR
2 1 22 278 533 XOR
2 1 23 279 534 XOR
2 1 24 280 535 XOR
2 1 25 281 536 XOR
2 1 26 282 537 XOR
2 1 27 283 538 XOR
2 1 28 284 539 XOR
2 1 29 285 540 XOR
2 1 30 286 541 XOR
2 1 31 287 542 XOR
2 1 32 288 543 XOR
2 1 33 289 544 XOR
2 1 34 290 545 XOR
2 1 35 291 546 XOR
2 1 36 292 547 XOR
2 1 37 293 548 XOR
2 1 38 294 549 XOR
2 1 39 295 550 XOR
2 1 40 296 551 XOR
2 1 41 297 552 XOR
2 1 42 298 553 XOR
2 1 43 299 554 XOR
2 1 44 300 555 XOR
2 1 45 301 556 XOR
2 1 46 302 557 XOR
2 1 47 303 558 XOR
2 1 48 304 559 XOR
2 1 49 305 560 XOR
2 1 50 306 561 XOR
2 1 51 307 562 XOR
2 1 52 308 563 XOR
2 1 53 309 564 XOR
2 1 54 310 565 XOR
2 1 55 311 566 XOR
2 1 56 312 567 XOR
2 1 57 313 568 XOR
2 1 58 314 569 XOR
2 1 59 315 570 XOR
2 1 60 316 571 XOR
2 1 61 317 572 XOR
2 1 62 318 573 XOR
2 1 63 319 574 XOR
2 1 64 320 575 XOR
2 1 65 321 576 XOR
2 1 66 322 577 XOR
2 1 67 323 578 XOR
2 1 68 324 579 XOR
2 1 69 325 580 XOR
2 1 70 326 581 XOR
2 1 71 327 582 XOR
2 1 72 328 583 XOR
2 1 73 329 584 XOR
2 1 74 330 585 XOR
2 1 75 331 586 XOR
2 1 76 332 587 XOR
2 1 77 333 588 XOR
2 1 78 334 589 XOR
2 1 79 335 590 XOR
2 1 80 336 591 XOR
2 1 81 337 592 XOR
2 1 82 338 593 XOR
2 1 83 339 594 XOR
2 1 84 340 595 XOR
2 1 85 341 596 XOR
2 1 86 342 597 XOR
2 1 87 343 598 XOR
2 1 88 344 599 XOR
2 1 89 345 600 XOR
2 1 90 346 601 XOR
2 1 91 347 602 XOR
2 1 92 348 603 XOR
2 1 93 349 604 XOR
2 1 94 350 605 XOR
2 1 95 351 606 XOR
2 1 96 352 607 XOR
2 1 97 353 608 XOR
2 1 98 354 609 XOR
2 1 99 355 610 XOR
2 1 100 356 611 XOR
2 1 101 357 612 XOR
2 1 102 358 613 XOR
2 1 103 359 614 XOR
2 1 104 360 615 XOR
2 1 105 361 616 XOR
2 1 106 362 617 XOR
2 1 107 363 618 XOR
2 1 108 364 619 XOR
2 1 109 365 620 XOR
2 1 110 366 621 XOR
2 1 111 367 622 XOR
2 1 112 368 623 XOR
2 1 113 369 624 XOR
2 1 114 370 625 XOR
2 1 115 371 626 XOR
2 1 116 372 627 XOR
2 1 117 373 628 XOR
2 1 118 374 629 XOR
2 1 119 375 630 XOR
2 1 120 376 631 XOR
2 1 121 377 632 XOR
2 1 122 378 633 XOR
2 1 123 379 634 XOR
2 1 124 380 635 XOR
2 1 125 381 636 XOR
2 1 126 382 637 XOR
2 1 127 383 638 XOR
2 1 128 384 639 XOR
2 1 129 385 640 XOR
2 1 130 386 641 XOR
2 1 131 387 642 XOR
2 1 132 388 643 XOR
2 1 133 389 644 XOR
2 1 134 390 645 XOR
2 1 135 391 646 XOR
2 1 136 392 647 XOR
2 1 137 393 648 XOR
2 1 138 394 649 XOR
2 1 139 395 650 XOR
2 1 140 396 651 XOR
2 1 141 397 652 XOR
2 1 142 398 653 XOR
2 1 143 399 654 XOR
2 1 144 400 655 XOR
2 1 145 401 656 XOR
2 1 146 402 657 XOR
2 1 147 403 658 XOR
2 1 148 404 659 XOR
2 1 149 405 660 XOR
2 1 150 406 661 XOR
2 1 151 407 662 XOR
2 1 152 408 663 XOR
2 1 153 409 664 XOR
2 1 154 410 665 XOR
2 1 155 411 666 XOR
2 1 156 412 667 XOR
2 1 157 413 668 XOR
2 1 158 414 669 XOR
2 1 159 415 670 XOR
2 1 160 416 671 XOR
2 1 161 417 672 XOR
2 1 162 418 673 XOR
2 1 163 419 674 XOR
2 1 164 420 675 XOR
2 1 165 421 676 XOR
2 1 166 422 677 XOR
2 1 167 423 678 XOR
2 1 168 424 679 XOR
2 1 169 425 680 XOR
2 1 170 426 681 XOR
2 1 171 427 682 XOR
2 1 172 428 683 XOR
2 1 173 429 684 XOR
2 1 174 430 685 XOR
2 1 175 431 686 XOR
2 1 176 432 687 XOR
2 1 177 433 688 XOR
2 1 178 434 689 XOR
2 1 179 435 690 XOR
2 1 180 436 691 XOR
2 1 181 437 692 XOR
2 1 182 438 693 XOR
2 1 183 439 694 XOR
2 1 184 440 695 XOR
2 1 185 441 696 XOR
2 1 186 442 697 XOR
2 1 187 443 698 XOR
2 1 188 444 699 XOR
2 1 189 445 700 XOR
2 1 190 446 701 XOR
2 1 191 447 702 XOR
2 1 192 448 703 XOR
2 1 193 449 704 XOR
2 1 194 450 705 XOR
2 1 195 451 706 XOR
2 1 196 452 707 XOR
2 1 197 453 708 XOR
2 1 198 454 709 XOR
2 1 199 455 710 XOR
2 1 200 456 711 XOR
2 1 201 457 712 XOR
2 1 202 458 713 XOR
2 1 203 459 714 XOR
2 1 204 460 715 XOR
2 1 205 461 716 XOR
2 1 206 462 717 XOR
2 1 207 463 718 XOR
2 1 208 464 719 XOR
2 1 209 465 720 XOR
2 1 210 466 721 XOR
2 1 211 467 722 XOR
2 1 212 468 723 XOR
2 1 213 469 724 XOR
2 1 214 470 725 XOR
2 1 215 471 726 XOR
2 1 216 472 727 XOR
2 1 217 473 728 XOR
2 1 218 474 729 XOR
2 1 219 475 730 XOR
2 1 220 476 731 XOR
2 1 221 477 732 XOR
2 1 222 478 733 XOR
2 1 223 479 734 XOR
2 1 224 480 735 XOR
2 1 225 481 736 XOR
2 1 226 482 737 XOR
2 1 227 483 738 XOR
2 1 228 484 739 XOR
2 1 229 485 740 XOR
2 1 230 486 741 XOR
2 1 231 487 742 XOR
2 1 232 488 743 XOR
2 1 233 489 744 XOR
2 1 234 490 745 XOR
2 1 235 491 746 XOR
2 1 236 492 747 XOR
2 1 237 493 748 XOR
2 1 238 494 749 XOR
2 1 239 495 750 XOR
2 1 240 496 751 XOR
2 1 241 497 752 XOR
2 1 242 498 753 XOR
2 1 243 499 754 XOR
2 1 244 500 755 XOR
2 1 245 501 756 XOR
2 1 246 502 757 XOR
2 1 247 503 758 XOR
2 1 248 504 759 XOR
2 1 249 505 760 XOR
2 1 250 506 761 XOR
2 1 251 507 762 XOR
2 1 252 508 763 XOR
2 1 253 509 764 XOR
2 1 254 510 765 XOR
2 1 255 511 766 XOR
2 1 0 256 767 AND
2 1 1 767 768 XOR
2 1 257 767 769 XOR
2 1 768 769 770 AND
2 1 770 767 771 XOR
2 1 2 771 772 XOR
2 1 258 771 773 XOR
2 1 772 773 774 AND
2 1 774 771 775 XOR
2 1 3 775 776 XOR
2 1 259 775 777 XOR
2 1 776 777 778 AND
2 1 778 775 779 XOR
2 1 4 779 780 XOR
2 1 260 779 781 XOR
2 1 780 781 782 AND
2 1 782 779 783 XOR
2 1 5 783 784 XOR
2 1 261 783 785 XOR
2 1 784 785 786 AND
2 1 786 783 787 XOR
2 1 6 787 788 XOR
2 1 262 787 789 XOR
2 1 788 789 790 AND
2 1 790 787 791 XOR
2 1 7 791 792 XOR
2 1 263 791 793 XOR
2 1 792 793 794 AND
2 1 794 791 795 XOR
2 1 8 795 796 XOR
2 1 264 795 797 XOR
2 1 796 797 798 AND
2 1 798 795 799 XOR
2 1 9 799 800 XOR
2 1 265 799 801 XOR
2 1 800 801 802 AND
2 1 802 799 803 XOR
2 1 10 803 804 XOR
2 1 266 803 805 XOR
2 1 804 805 806 AND
2 1 806 803 807 XOR
2 1 11 807 808 XOR
2 1 267 807 809 XOR
2 1 808 809 810 AND
2 1 810 807 811 XOR
2 1 12 811 812 XOR
2 1 268 811 813 XOR
2 1 812 813 814 AND
2 1 814 811 815 XOR
2 1 13 815 816 XOR
2 1 269 815 817 XOR
2 1 816 817 818 AND
2 1 818 815 819 XOR
2 1 14 819 820 XOR
2 1 270 819 821 XOR
2 1 820 821 822 AND
2 1 822 819 823 XOR
2 1 15 823 824 XOR
2 1 271 823 825 XOR
2 1 824 825 826 AND
2 1 826 823 827 XOR
2 1 16 827 828 XOR
2 1 272 827 829 XOR
2 1 828 829 830 AND
2 1 830 827 831 XOR
2 1 17 831 832 XOR
2 1 273 831 833 XOR
2 1 832 833 834 AND
2 1 834 831 835 XOR
2 1 18 835 836 XOR
2 1 274 835 837 XOR
2 1 836 837 838 AND
2 1 838 835 839 XOR
2 1 19 839 840 XOR
2 1 275 839 841 XOR
2 1 840 841 842 AND
2 1 842 839 843 XOR
2 1 20 843 844 XOR
2 1 276 843 845 XOR
2 1 844 845 846 AND
2 1 846 843 847 XOR
2 1 21 847 848 XOR
2 1 277 847 849 XOR
2 1 848 849 850 AND
2 1 850 847 851 XOR
2 1 22 851 852 XOR
2 1 278 851 853 XOR
2 1 852 853 854 AND
2 1 854 851 855 XOR
2 1 23 855 856 XOR
2 1 279 855 857 XOR
2 1 856 857 858 AND
2 1 858 855 859 XOR
2 1 24 859 860 XOR
2 1 280 859 861 XOR
2 1 860 861 862 AND
2 1 862 859 863 XOR
2 1 25 863 864 XOR
2 1 281 863 865 XOR
2 1 864 865 866 AND
2 1 866 863 867 XOR
2 1 26 867 868 XOR
2 1 282 867 869 XOR
2 1 868 869 870 AND
2 1 870 867 871 XOR
2 1 27 871 872 XOR
2 1 283 871 873 XOR
2 1 872 873 874 AND
2 1 874 871 875 XOR
2 1 28 875 876 XOR
2 1 284 875 877 XOR
2 1 876 877 878 AND
2 1 878 875 879 XOR
2 1 29 879 880 XOR
2 1 285 879 881 XOR
2 1 880 881 882 AND
2 1 882 879 883 XOR
2 1 30 883 884 XOR
2 1 286 883 885 XOR
2 1 884 885 886 AND
2 1 886 883 887 XOR
2 1 31 887 888 XOR
2 1 287 887 889 XOR
2 1 888 889 890 AND
2 1 890 887 891 XOR
2 1 32 891 892 XOR
2 1 288 891 893 XOR
2 1 892 893 894 AND
2 1 894 891 895 XOR
2 1 33 895 896 XOR
2 1 289 895 897 XOR
2 1 896 897 898 AND
2 1 898 895 899 XOR
2 1 34 899 900 XOR
2 1 290 899 901 XOR
2 1 900 901 902 AND
2 1 902 899 903 XOR
2 1 35 903 904 XOR
2 1 291 903 905 XOR
2 1 904 905 906 AND
2 1 906 903 907 XOR
2 1 36 907 908 XOR
2 1 292 907 909 XOR
2 1 908 909 910 AND
2 1 910 907 911 XOR
2 1 37 911 912 XOR
2 1 293 911 913 XOR
2 1 912 913 914 AND
2 1 914 911 915 XOR
2 1 38 915 916 XOR
2 1 294 915 917 XOR
2 1 916 917 918 AND
2 1 918 915 919 XOR
2 1 39 919 920 XOR
2 1 295 919 921 XOR
2 1 920 921 922 AND
2 1 922 919 923 XOR
2 1 40 923 924 XOR
2 1 296 923 925 XOR
2 1 924 925 926 AND
2 1 926 923 927 XOR
2 1 41 927 928 XOR
2 1 297 927 929 XOR
2 1 928 929 930 AND
2 1 930 927 931 XOR
2 1 42 931 932 XOR
2 1 298 931 933 XOR
2 1 932 933 934 AND
2 1 934 931 935 XOR
2 1 43 935 936 XOR
2 1 299 935 937 XOR
2 1 936 937 938 AND
2 1 938 935 939 XOR
2 1 44 939 940 XOR
2 1 300 939 941 XOR
2 1 940 941 942 AND
2 1 942 939 943 XOR
2 1 45 943 944 XOR
2 1 301 943 945 XOR
2 1 944 945 946 AND
2 1 946 943 947 XOR
2 1 46 947 948 XOR
2 1 302 947 949 XOR
2 1 948 949 950 AND
2 1 950 947 951 XOR
2 1 47 951 952 XOR
2 1 303 951 953 XOR
2 1 952 953 954 AND
2 1 954 951 955 XOR
2 1 48 955 956 XOR
2 1 304 955 957 XOR
2 1 956 957 958 AND
2 1 958 955 959 XOR
2 1 49 959 960 XOR
2 1 305 959 961 XOR
2 1 960 961 962 AND
2 1 962 959 963 XOR
2 1 50 963 964 XOR
2 1 306 963 965 XOR
2 1 964 965 966 AND
2 1 966 963 967 XOR
2 1 51 967 968 XOR
2 1 307 967 969 XOR
2 1 968 969 970 AND
2 1 970 967 971 XOR
2 1 52 971 972 XOR
2 1 308 971 973 XOR
2 1 972 973 974 AND
2 1 974 971 975 XOR
2 1 53 975 976 XOR
2 1 309 975 977 XOR
2 1 976 977 978 AND
2 1 978 975 979 XOR
2 1 54 979 980 XOR
2 1 310 979 981 XOR
2 1 980 981 982 AND
2 1 982 979 983 XOR
2 1 55 983 984 XOR
2 1 311 983 985 XOR
2 1 984 985 986 AND
2 1 986 983 987 XOR
2 1 56 987 988 XOR
2 1 312 987 989 XOR
2 1 988 989 990 AND
2 1 990 987 991 XOR
2 1 57 991 992 XOR
2 1 313 991 993 XOR
2 1 992 993 994 AND
2 1 994 991 995 XOR
2 1 58 995 996 XOR
2 1 314 995 997 XOR
2 1 996 997 998 AND
2 1 998 995 999 XOR
2 1 59 999 1000 XOR
2 1 315 999 1001 XOR
2 1 1000 1001 1002 AND
2 1 1002 999 1003 XOR
2 1 60 1003 1004 XOR
2 1 316 1003 1005 XOR
2 1 1004 1005 1006 AND
2 1 1006 1003 1007 XOR
2 1 61 1007 1008 XOR
2 1 317 1007 1009 XOR
2 1 1008 1009 1010 AND
2 1 1010 1007 1011 XOR
2 1 62 1011 1012 XOR
2 1 318 1011 1013 XOR
2 1 1012 1013 1014 AND
2 1 1014 1011 1015 XOR
2 1 63 1015 1016 XOR
2 1 319 1015 1017 XOR
2 1 1016 1017 1018 AND
2 1 1018 1015 1019 XOR
2 1 64 1019 1020 XOR
2 1 320 1019 1021 XOR
2 1 1020 1021 1022 AND
2 1 1022 1019 1023 XOR
2 1 65 1023 1024 XOR
2 1 321 1023 1025 XOR
2 1 1024 1025 1026 AND
2 1 1026 1023 1027 XOR
2 1 66 1027 1028 XOR
2 1 322 1027 1029 XOR
2 1 1028 1029 1030 AND
2 1 1030 1027 1031 XOR
2 1 67 1031 1032 XOR
2 1 323 1031 1033 XOR
2 1 1032 1033 1034 AND
2 1 1034 1031 1035 XOR
2 1 68 1035 1036 XOR
2 1 324 1035 1037 XOR
2 1 1036 1037 1038 AND
2 1 1038 1035 1039 XOR
2 1 69 1039 1040 XOR
2 1 325 1039 1041 XOR
2 1 1040 1041 1042 AND
2 1 1042 1039 1043 XOR
2 1 70 1043 1044 XOR
2 1 326 1043 1045 XOR
2 1 1044 1045 1046 AND
2 1 1046 1043 1047 XOR
2 1 71 1047 1048 XOR
2 1 327 1047 1049 XOR
2 1 1048 1049 1050 AND
2 1 1050 1047 1051 XOR
2 1 72 1051 1052 XOR
2 1 328 1051 1053 XOR
2 1 1052 1053 1054 AND
2 1 1054 1051 1055 XOR
2 1 73 1055 1056 XOR
2 1 329 1055 1057 XOR
2 1 1056 1057 1058 AND
2 1 1058 1055 1059 XOR
2 1 74 1059 1060 XOR
2 1 330 1059 1061 XOR
2 1 1060 1061 1062 AND
2 1 1062 1059 1063 XOR
2 1 75 1063 1064 XOR
2 1 331 1063 1065 XOR
2 1 1064 1065 1066 AND
2 1 1066 1063 1067 XOR
2 1 76 1067 1068 XOR
2 1 332 1067 1069 XOR
2 1 1068 1069 1070 AND
2 1 1070 1067 1071 XOR
2 1 77 1071 1072 XOR
2 1 333 1071 1073 XOR
2 1 1072 1073 1074 AND
2 1 1074 1071 1075 XOR
2 1 78 1075 1076 XOR
2 1 334 1075 1077 XOR
2 1 1076 1077 1078 AND
2 1 1078 1075 1079 XOR
2 1 79 1079 1080 XOR
2 1 335 1079 1081 XOR
2 1 1080 1081 1082 AND
2 1 1082 1079 1083 XOR
2 1 80 1083 1084 XOR
2 1 336 1083 1085 XOR
2 1 1084 1085 1086 AND
2 1 1086 1083 1087 XOR
2 1 81 1087 1088 XOR
2 1 337 1087 1089 XOR
2 1 1088 1089 1090 AND
2 1 1090 1087 1091 XOR
2 1 82 1091 1092 XOR
2 1 338 1091 1093 XOR
2 1 1092 1093 1094 AND
2 1 1094 1091 1095 XOR
2 1 83 1095 1096 XOR
2 1 339 1095 1097 XOR
2 1 1096 1097 1098 AND
2 1 1098 1095 1099 XOR
2 1 84 1099 1100 XOR
2 1 340 1099 1101 XOR
2 1 1100 1101 1102 AND
2 1 1102 1099 1103 XOR
2 1 85 1103 1104 XOR
2 1 341 1103 1105 XOR
2 1 1104 1105 1106 AND
2 1 1106 1103 1107 XOR
2 1 86 1107 1108 XOR
2 1 342 1107 1109 XOR
2 1 1108 1109 1110 AND
2 1 1110 1107 1111 XOR
2 1 87 1111 1112 XOR
2 1 343 1111 1113 XOR
2 1 1112 1113 1114 AND
2 1 1114 1111 1115 XOR
2 1 88 1115 1116 XOR
2 1 344 1115 1117 XOR
2 1 1116 1117 1118 AND
2 1 1118 1115 1119 XOR
2 1 89 1119 1120 XOR
2 1 345 1119 1121 XOR
2 1 1120 1121 1122 AND
2 1 1122 1119 1123 XOR
2 1 90 1123 1124 XOR
2 1 346 1123 1125 XOR
2 1 1124 1125 1126 AND
2 1 1126 1123 1127 XOR
2 1 91 1127 1128 XOR
2 1 347 1127 1129 XOR
2 1 1128 1129 1130 AND
2 1 1130 1127 1131 XOR
2 1 92 1131 1132 XOR
2 1 348 1131 1133 XOR
2 1 1132 1133 1134 AND
2 1 1134 1131 1135 XOR
2 1 93 1135 1136 XOR
2 1 349 1135 1137 XOR
2 1 1136 1137 1138 AND
2 1 1138 1135 1139 XOR
2 1 94 1139 1140 XOR
2 1 350 1139 1141 XOR
2 1 1140 1141 1142 AND
2 1 1142 1139 1143 XOR
2 1 95 1143 1144 XOR
2 1 351 1143 1145 XOR
2 1 1144 1145 1146 AND
2 1 1146 1143 1147 XOR
2 1 96 1147 1148 XOR
2 1 352 1147 1149 XOR
2 1 1148 1149 1150 AND
2 1 1150 1147 1151 XOR
2 1 97 1151 1152 XOR
2 1 353 1151 1153 XOR
2 1 1152 1153 1154 AND
2 1 1154 1151 1155 XOR
2 1 98 1155 1156 XOR
2 1 354 1155 1157 XOR
2 1 1156 1157 1158 AND
2 1 1158 1155 1159 XOR
2 1 99 1159 1160 XOR
2 1 355 1159 1161 XOR
2 1 1160 1161 1162 AND
2 1 1162 1159 1163 XOR
2 1 100 1163 1164 XOR
2 1 356 1163 1165 XOR
2 1 1164 1165 1166 AND
2 1 1166 1163 1167 XOR
2 1 101 1167 1168 XOR
2 1 357 1167 1169 XOR
2 1 1168 1169 1170 AND
2 1 1170 1167 1171 XOR
2 1 102 1171 1172 XOR
2 1 358 1171 1173 XOR
2 1 1172 1173 1174 AND
2 1 1174 1171 1175 XOR
2 1 103 1175 1176 XOR
2 1 359 1175 1177 XOR
2 1 1176 1177 1178 AND
2 1 1178 1175 1179 XOR
2 1 104 1179 1180 XOR
2 1 360 1179 1181 XOR
2 1 1180 1181 1182 AND
2 1 1182 1179 1183 XOR
2 1 105 1183 1184 XOR
2 1 361 1183 1185 XOR
2 1 1184 1185 1186 AND
2 1 1186 1183 1187 XOR
2 1 106 1187 1188 XOR
2 1 362 1187 1189 XOR
2 1 1188 1189 1190 AND
2 1 1190 1187 1191 XOR
2 1 107 1191 1192 XOR
2 1 363 1191 1193 XOR
2 1 1192 1193 1194 AND
2 1 1194 1191 1195 XOR
2 1 108 1195 1196 XOR
2 1 364 1195 1197 XOR
2 1 1196 1197 1198 AND
2 1 1198 1195 1199 XOR
2 1 109 1199 1200 XOR
2 1 365 1199 1201 XOR
2 1 1200 1201 1202 AND
2 1 1202 1199 1203 XOR
2 1 110 1203 1204 XOR
2 1 366 1203 1205 XOR
2 1 1204 1205 1206 AND
2 1 1206 1203 1207 XOR
2 1 111 1207 1208 XOR
2 1 367 1207 1209 XOR
2 1 1208 1209 1210 AND
2 1 1210 1207 1211 XOR
2 1 112 1211 1212 XOR
2 1 368 1211 1213 XOR
2 1 1212 1213 1214 AND
2 1 1214 1211 1215 XOR
2 1 113 1215 1216 XOR
2 1 369 1215 1217 XOR
2 1 1216 1217 1218 AND
2 1 1218 1215 1219 XOR
2 1 114 1219 1220 XOR
2 1 370 1219 1221 XOR
2 1 1220 1221 1222 AND
2 1 1222 1219 1223 XOR
2 1 115 1223 1224 XOR
2 1 371 1223 1225 XOR
2 1 1224 1225 1226 AND
2 1 1226 1223 1227 XOR
2 1 116 1227 1228 XOR
2 1 372 1227 1229 XOR
2 1 1228 1229 1230 AND
2 1 1230 1227 1231 XOR
2 1 117 1231 1232 XOR
2 1 373 1231 1233 XOR
2 1 1232 1233 1234 AND
2 1 1234 1231 1235 XOR
2 1 118 1235 1236 XOR
2 1 374 1235 1237 XOR
2 1 1236 1237 1238 AND
2 1 1238 1235 1239 XOR
2 1 119 1239 1240 XOR
2 1 375 1239 1241 XOR
2 1 1240 1241 1242 AND
2 1 1242 1239 1243 XOR
2 1 120 1243 1244 XOR
2 1 376 1243 1245 XOR
2 1 1244 1245 1246 AND
2 1 1246 1243 1247 XOR
2 1 121 1247 1248 XOR
2 1 377 1247 1249 XOR
2 1 1248 1249 1250 AND
2 1 1250 1247 1251 XOR
2 1 122 1251 1252 XOR
2 1 378 1251 1253 XOR
2 1 1252 1253 1254 AND
2 1 1254 1251 1255 XOR
2 1 123 1255 1256 XOR
2 1 379 1255 1257 XOR
2 1 1256 1257 1258 AND
2 1 1258 1255 1259 XOR
2 1 124 1259 1260 XOR
2 1 380 1259 1261 XOR
2 1 1260 1261 1262 AND
2 1 1262 1259 1263 XOR
2 1 125 1263 1264 XOR
2 1 381 1263 1265 XOR
2 1 1264 1265 1266 AND
2 1 1266 1263 1267 XOR
2 1 126 1267 1268 XOR
2 1 382 1267 1269 XOR
2 1 1268 1269 1270 AND
2 1 1270 1267 1271 XOR
2 1 127 1271 1272 XOR
2 1 383 1271 1273 XOR
2 1 1272 1273 1274 AND
2 1 1274 1271 1275 XOR
2 1 128 1275 1276 XOR
2 1 384 1275 1277 XOR
2 1 1276 1277 1278 AND
2 1 1278 1275 1279 XOR
2 1 129 1279 1280 XOR
2 1 385 1279 1281 XOR
2 1 1280 1281 1282 AND
2 1 1282 1279 1283 XOR
2 1 130 1283 1284 XOR
2 1 386 1283 1285 XOR
2 1 1284 1285 1286 AND
2 1 1286 1283 1287 XOR
2 1 131 1287 1288 XOR
2 1 387 1287 1289 XOR
2 1 1288 1289 1290 AND
2 1 1290 1287 1291 XOR
2 1 132 1291 1292 XOR
2 1 388 1291 1293 XOR
2 1 1292 1293 1294 AND
2 1 1294 1291 1295 XOR
2 1 133 1295 1296 XOR
2 1 389 1295 1297 XOR
2 1 1296 1297 1298 AND
2 1 1298 1295 1299 XOR
2 1 134 1299 1300 XOR
2 1 390 1299 1301 XOR
2 1 1300 1301 1302 AND
2 1 1302 1299 1303 XOR
2 1 135 1303 1304 XOR
2 1 391 1303 1305 XOR
2 1 1304 1305 1306 AND
2 1 1306 1303 1307 XOR
2 1 136 1307 1308 XOR
2 1 392 1307 1309 XOR
2 1 1308 1309 1310 AND
2 1 1310 1307 1311 XOR
2 1 137 1311 1312 XOR
2 1 393 1311 1313 XOR
2 1 1312 1313 1314 AND
2 1 1314 1311 1315 XOR
2 1 138 1315 1316 XOR
2 1 394 1315 1317 XOR
2 1 1316 1317 1318 AND
2 1 1318 1315 1319 XOR
2 1 139 1319 1320 XOR
2 1 395 1319 1321 XOR
2 1 1320 1321 1322 AND
2 1 1322 1319 1323 XOR
2 1 140 1323 1324 XOR
2 1 396 1323 1325 XOR
2 1 1324 1325 1326 AND
2 1 1326 1323 1327 XOR
2 1 141 1327 1328 XOR
2 1 397 1327 1329 XOR
2 1 1328 1329 1330 AND
2 1 1330 1327 1331 XOR
2 1 142 1331 1332 XOR
2 1 398 1331 1333 XOR
2 1 1332 1333 1334 AND
2 1 1334 1331 1335 XOR
2 1 143 1335 1336 XOR
2 1 399 1335 1337 XOR
2 1 1336 1337 1338 AND
2 1 1338 1335 1339 XOR
2 1 144 1339 1340 XOR
2 1 400 1339 1341 XOR
2 1 1340 1341 1342 AND
2 1 1342 1339 1343 XOR
2 1 145 1343 1344 XOR
2 1 401 1343 1345 XOR
2 1 1344 1345 1346 AND
2 1 1346 1343 1347 XOR
2 1 146 1347 1348 XOR
2 1 402 1347 1349 XOR
2 1 1348 1349 1350 AND
2 1 1350 1347 1351 XOR
2 1 147 1351 1352 XOR
2 1 403 1351 1353 XOR
2 1 1352 1353 1354 AND
2 1 1354 1351 1355 XOR
2 1 148 1355 1356 XOR
2 1 404 1355 1357 XOR
2 1 1356 1357 1358 AND
2 1 1358 1355 1359 XOR
2 1 149 1359 1360 XOR
2 1 405 1359 1361 XOR
2 1 1360 1361 1362 AND
2 1 1362 1359 1363 XOR
2 1 150 1363 1364 XOR
2 1 406 1363 1365 XOR
2 1 1364 1365 1366 AND
2 1 1366 1363 1367 XOR
2 1 151 1367 1368 XOR
2 1 407 1367 1369 XOR
2 1 1368 1369 1370 AND
2 1 1370 1367 1371 XOR
2 1 152 1371 1372 XOR
2 1 408 1371 1373 XOR
2 1 1372 1373 1374 AND
2 1 1374 1371 1375 XOR
2 1 153 1375 1376 XOR
2 1 409 1375 1377 XOR
2 1 1376 1377 1378 AND
2 1 1378 1375 1379 XOR
2 1 154 1379 1380 XOR
2 1 410 1379 1381 XOR
2 1 1380 1381 1382 AND
2 1 1382 1379 1383 XOR
2 1 155 1383 1384 XOR
2 1 411 1383 1385 XOR
2 1 1384 1385 1386 AND
2 1 1386 1383 1387 XOR
2 1 156 1387 1388 XOR
2 1 412 1387 1389 XOR
2 1 1388 1389 1390 AND
2 1 1390 1387 1391 XOR
2 1 157 1391 1392 XOR
2 1 413 1391 1393 XOR
2 1 1392 1393 1394 AND
2 1 1394 1391 1395 XOR
2 1 158 1395 1396 XOR
2 1 414 1395 1397 XOR
2 1 1396 1397 1398 AND
2 1 1398 1395 1399 XOR
2 1 159 1399 1400 XOR
2 1 415 1399 1401 XOR
2 1 1400 1401 1402 AND
2 1 1402 1399 1403 XOR
2 1 160 1403 1404 XOR
2 1 416 1403 1405 XOR
2 1 1404 1405 1406 AND
2 1 1406 1403 1407 XOR
2 1 161 1407 1408 XOR
2 1 417 1407 1409 XOR
2 1 1408 1409 1410 AND
2 1 1410 1407 1411 XOR
2 1 162 1411 1412 XOR
2 1 418 1411 1413 XOR
2 1 1412 1413 1414 AND
2 1 1414 1411 1415 XOR
2 1 163 1415 1416 XOR
2 1 419 1415 1417 XOR
2 1 1416 1417 1418 AND
2 1 1418 1415 1419 XOR
2 1 164 1419 1420 XOR
2 1 420 1419 1421 XOR
2 1 1420 1421 1422 AND
2 1 1422 1419 1423 XOR
2 1 165 1423 1424 XOR
2 1 421 1423 1425 XOR
2 1 1424 1425 1426 AND
2 1 1426 1423 1427 XOR
2 1 166 1427 1428 XOR
2 1 422 1427 1429 XOR
2 1 1428 1429 1430 AND
2 1 1430 1427 1431 XOR
2 1 167 1431 1432 XOR
2 1 423 1431 1433 XOR
2 1 1432 1433 1434 AND
2 1 1434 1431 1435 XOR
2 1 168 1435 1436 XOR
2 1 424 1435 1437 XOR
2 1 1436 1437 1438 AND
2 1 1438 1435 1439 XOR
2 1 169 1439 1440 XOR
2 1 425 1439 1441 XOR
2 1 1440 1441 1442 AND
2 1 1442 1439 1443 XOR
2 1 170 1443 1444 XOR
2 1 426 1443 1445 XOR
2 1 1444 1445 1446 AND
2 1 1446 1443 1447 XOR
2 1 171 1447 1448 XOR
2 1 427 1447 1449 XOR
2 1 1448 1449 1450 AND
2 1 1450 1447 1451 XOR
2 1 172 1451 1452 XOR
2 1 428 1451 1453 XOR
2 1 1452 1453 1454 AND
2 1 1454 1451 1455 XOR
2 1 173 1455 1456 XOR
2 1 429 1455 1457 XOR
2 1 1456 1457 1458 AND
2 1 1458 1455 1459 XOR
2 1 174 1459 1460 XOR
2 1 430 1459 1461 XOR
2 1 1460 1461 1462 AND
2 1 1462 1459 1463 XOR
2 1 175 1463 1464 XOR
2 1 431 1463 1465 XOR
2 1 1464 1465 1466 AND
2 1 1466 1463 1467 XOR
2 1 176 1467 1468 XOR
2 1 432 1467 1469 XOR
2 1 1468 1469 1470 AND
2 1 1470 1467 1471 XOR
2 1 177 1471 1472 XOR
2 1 433 1471 1473 XOR
2 1 1472 1473 1474 AND
2 1 1474 1471 1475 XOR
2 1 178 1475 1476 XOR
2 1 434 1475 1477 XOR
2 1 1476 1477 1478 AND
2 1 1478 1475 1479 XOR
2 1 179 1479 1480 XOR
2 1 435 1479 1481 XOR
2 1 1480 1481 1482 AND
2 1 1482 1479 1483 XOR
2 1 180 1483 1484 XOR
2 1 436 1483 1485 XOR
2 1 1484 1485 1486 AND
2 1 1486 1483 1487 XOR
2 1 181 1487 1488 XOR
2 1 437 1487 1489 XOR
2 1 1488 1489 1490 AND
2 1 1490 1487 1491 XOR
2 1 182 1491 1492 XOR
2 1 438 1491 1493 XOR
2 1 1492 1493 1494 AND
2 1 1494 1491 1495 XOR
2 1 183 1495 1496 XOR
2 1 439 1495 1497 XOR
2 1 1496 1497 1498 AND
2 1 1498 1495 1499 XOR
2 1 184 1499 1500 XOR
2 1 440 1499 1501 XOR
2 1 1500 1501 1502 AND
2 1 1502 1499 1503 XOR
2 1 185 1503 1504 XOR
2 1 441 1503 1505 XOR
2 1 1504 1505 1506 AND
2 1 1506 1503 1507 XOR
2 1 186 1507 1508 XOR
2 1 442 1507 1509 XOR
2 1 1508 1509 1510 AND
2 1 1510 1507 1511 XOR
2 1 187 1511 1512 XOR
2 1 443 1511 1513 XOR
2 1 1512 1513 1514 AND
2 1 1514 1511 1515 XOR
2 1 188 1515 1516 XOR
2 1 444 1515 1517 XOR
2 1 1516 1517 1518 AND
2 1 1518 1515 1519 XOR
2 1 189 1519 1520 XOR
2 1 445 1519 1521 XOR
2 1 1520 1521 1522 AND
2 1 1522 1519 1523 XOR
2 1 190 1523 1524 XOR
2 1 446 1523 1525 XOR
2 1 1524 1525 1526 AND
2 1 1526 1523 1527 XOR
2 1 191 1527 1528 XOR
2 1 447 1527 1529 XOR
2 1 1528 1529 1530 AND
2 1 1530 1527 1531 XOR
2 1 192 1531 1532 XOR
2 1 448 1531 1533 XOR
2 1 1532 1533 1534 AND
2 1 1534 1531 1535 XOR
2 1 193 1535 1536 XOR
2 1 449 1535 1537 XOR
2 1 1536 1537 1538 AND
2 1 1538 1535 1539 XOR
2 1 194 1539 1540 XOR
2 1 450 1539 1541 XOR
2 1 1540 1541 1542 AND
2 1 1542 1539 1543 XOR
2 1 195 1543 1544 XOR
2 1 451 1543 1545 XOR
2 1 1544 1545 1546 AND
2 1 1546 1543 1547 XOR
2 1 196 1547 1548 XOR
2 1 452 1547 1549 XOR
2 1 1548 1549 1550 AND
2 1 1550 1547 1551 XOR
2 1 197 1551 1552 XOR
2 1 453 1551 1553 XOR
2 1 1552 1553 1554 AND
2 1 1554 1551 1555 XOR
2 1 198 1555 1556 XOR
2 1 454 1555 1557 XOR
2 1 1556 1557 1558 AND
2 1 1558 1555 1559 XOR
2 1 199 1559 1560 XOR
2 1 455 1559 1561 XOR
2 1 1560 1561 1562 AND
2 1 1562 1559 1563 XOR
2 1 200 1563 1564 XOR
2 1 456 1563 1565 XOR
2 1 1564 1565 1566 AND
2 1 1566 1563 1567 XOR
2 1 201 1567 1568 XOR
2 1 457 1567 1569 XOR
2 1 1568 1569 1570 AND
2 1 1570 1567 1571 XOR
2 1 202 1571 1572 XOR
2 1 458 1571 1573 XOR
2 1 1572 1573 1574 AND
2 1 1574 1571 1575 XOR
2 1 203 1575 1576 XOR
2 1 459 1575 1577 XOR
2 1 1576 1577 1578 AND
2 1 1578 1575 1579 XOR
2 1 204 1579 1580 XOR
2 1 460 1579 1581 XOR
2 1 1580 1581 1582 AND
2 1 1582 1579 1583 XOR
2 1 205 1583 1584 XOR
2 1 461 1583 1585 XOR
2 1 1584 1585 1586 AND
2 1 1586 1583 1587 XOR
2 1 206 1587 1588 XOR
2 1 462 1587 1589 XOR
2 1 1588 1589 1590 AND
2 1 1590 1587 1591 XOR
2 1 207 1591 1592 XOR
2 1 463 1591 1593 XOR
2 1 1592 1593 1594 AND
2 1 1594 1591 1595 XOR
2 1 208 1595 1596 XOR
2 1 464 1595 1597 XOR
2 1 1596 1597 1598 AND
2 1 1598 1595 1599 XOR
2 1 209 1599 1600 XOR
2 1 465 1599 1601 XOR
2 1 1600 1601 1602 AND
2 1 1602 1599 1603 XOR
2 1 210 1603 1604 XOR
2 1 466 1603 1605 XOR
2 1 1604 1605 1606 AND
2 1 1606 1603 1607 XOR
2 1 211 1607 1608 XOR
2 1 467 1607 1609 XOR
2 1 1608 1609 1610 AND
2 1 1610 1607 1611 XOR
2 1 212 1611 1612 XOR
2 1 468 1611 1613 XOR
2 1 1612 1613 1614 AND
2 1 1614 1611 1615 XOR
2 1 213 1615 1616 XOR
2 1 469 1615 1617 XOR
2 1 1616 1617 1618 AND
2 1 1618 1615 1619 XOR
2 1 214 1619 1620 XOR
2 1 470 1619 1621 XOR
2 1 1620 1621 1622 AND
2 1 1622 1619 1623 XOR
2 1 215 1623 1624 XOR
2 1 471 1623 1625 XOR
2 1 1624 1625 1626 AND
2 1 1626 1623 1627 XOR
2 1 216 1627 1628 XOR
2 1 472 1627 1629 XOR
2 1 1628 1629 1630 AND
2 1 1630 1627 1631 XOR
2 1 217 1631 1632 XOR
2 1 473 1631 1633 XOR
2 1 1632 1633 1634 AND
2 1 1634 1631 1635 XOR
2 1 218 1635 1636 XOR
2 1 474 1635 1637 XOR
2 1 1636 1637 1638 AND
2 1 1638 1635 1639 XOR
2 1 219 1639 1640 XOR
2 1 475 1639 1641 XOR
2 1 1640 1641 1642 AND
2 1 1642 1639 1643 XOR
2 1 220 1643 1644 XOR
2 1 476 1643 1645 XOR
2 1 1644 1645 1646 AND
2 1 1646 1643 1647 XOR
2 1 221 1647 1648 XOR
2 1 477 1647 1649 XOR
2 1 1648 1649 1650 AND
2 1 1650 1647 1651 XOR
2 1 222 1651 1652 XOR
2 1 478 1651 1653 XOR
2 1 1652 1653 1654 AND
2 1 1654 1651 1655 XOR
2 1 223 1655 1656 XOR
2 1 479 1655 1657 XOR
2 1 1656 1657 1658 AND
2 1 1658 1655 1659 XOR
2 1 224 1659 1660 XOR
2 1 480 1659 1661 XOR
2 1 1660 1661 1662 AND
2 1 1662 1659 1663 XOR
2 1 225 1663 1664 XOR
2 1 481 1663 1665 XOR
2 1 1664 1665 1666 AND
2 1 1666 1663 1667 XOR
2 1 226 1667 1668 XOR
2 1 482 1667 1669 XOR
2 1 1668 1669 1670 AND
2 1 1670 1667 1671 XOR
2 1 227 1671 1672 XOR
2 1 483 1671 1673 XOR
2 1 1672 1673 1674 AND
2 1 1674 1671 1675 XOR
2 1 228 1675 1676 XOR
2 1 484 1675 1677 XOR
2 1 1676 1677 1678 AND
2 1 1678 1675 1679 XOR
2 1 229 1679 1680 XOR
2 1 485 1679 1681 XOR
2 1 1680 1681 1682 AND
2 1 1682 1679 1683 XOR
2 1 230 1683 1684 XOR
2 1 486 1683 1685 XOR
2 1 1684 1685 1686 AND
2 1 1686 1683 1687 XOR
2 1 231 1687 1688 XOR
2 1 487 1687 1689 XOR
2 1 1688 1689 1690 AND
2 1 1690 1687 1691 XOR
2 1 232 1691 1692 XOR
2 1 488 1691 1693 XOR
2 1 1692 1693 1694 AND
2 1 1694 1691 1695 XOR
2 1 233 1695 1696 XOR
2 1 489 1695 1697 XOR
2 1 1696 1697 1698 AND
2 1 1698 1695 1699 XOR
2 1 234 1699 1700 XOR
2 1 490 1699 1701 XOR
2 1 1700 1701 1702 AND
2 1 1702 1699 1703 XOR
2 1 235 1703 1704 XOR
2 1 491 1703 1705 XOR
2 1 1704 1705 1706 AND
2 1 1706 1703 1707 XOR
2 1 236 1707 1708 XOR
2 1 492 1707 1709 XOR
2 1 1708 1709 1710 AND
2 1 1710 1707 1711 XOR
2 1 237 1711 1712 XOR
2 1 493 1711 1713 XOR
2 1 1712 1713 1714 AND
2 1 1714 1711 1715 XOR
2 1 238 1715 1716 XOR
2 1 494 1715 1717 XOR
2 1 1716 1717 1718 AND
2 1 1718 1715 1719 XOR
2 1 239 1719 1720 XOR
2 1 495 1719 1721 XOR
2 1 1720 1721 1722 AND
2 1 1722 1719 1723 XOR
2 1 240 1723 1724 XOR
2 1 496 1723 1725 XOR
2 1 1724 1725 1726 AND
2 1 1726 1723 1727 XOR
2 1 241 1727 1728 XOR
2 1 497 1727 1729 XOR
2 1 1728 1729 1730 AND
2 1 1730 1727 1731 XOR
2 1 242 1731 1732 XOR
2 1 498 1731 1733 XOR
2 1 1732 1733 1734 AND
2 1 1734 1731 1735 XOR
2 1 243 1735 1736 XOR
2 1 499 1735 1737 XOR
2 1 1736 1737 1738 AND
2 1 1738 1735 1739 XOR
2 1 244 1739 1740 XOR
2 1 500 1739 1741 XOR
2 1 1740 1741 1742 AND
2 1 1742 1739 1743 XOR
2 1 245 1743 1744 XOR
2 1 501 1743 1745 XOR
2 1 1744 1745 1746 AND
2 1 1746 1743 1747 XOR
2 1 246 1747 1748 XOR
2 1 502 1747 1749 XOR
2 1 1748 1749 1750 AND
2 1 1750 1747 1751 XOR
2 1 247 1751 1752 XOR
2 1 503 1751 1753 XOR
2 1 1752 1753 1754 AND
2 1 1754 1751 1755 XOR
2 1 248 1755 1756 XOR
2 1 504 1755 1757 XOR
2 1 1756 1757 1758 AND
2 1 1758 1755 1759 XOR
2 1 249 1759 1760 XOR
2 1 505 1759 1761 XOR
2 1 1760 1761 1762 AND
2 1 1762 1759 1763 XOR
2 1 250 1763 1764 XOR
2 1 506 1763 1765 XOR
2 1 1764 1765 1766 AND
2 1 1766 1763 1767 XOR
2 1 251 1767 1768 XOR
2 1 507 1767 1769 XOR
2 1 1768 1769 1770 AND
2 1 1770 1767 1771 XOR
2 1 252 1771 1772 XOR
2 1 508 1771 1773 XOR
2 1 1772 1773 1774 AND
2 1 1774 1771 1775 XOR
2 1 253 1775 1776 XOR
2 1 509 1775 1777 XOR
2 1 1776 1777 1778 AND
2 1 1778 1775 1779 XOR
2 1 254 1779 1780 XOR
2 1 510 1779 1781 XOR
2 1 1780 1781 1782 AND
2 1 1782 1779 1783 XOR
2 1 255 1783 1784 XOR
2 1 511 1783 1785 XOR
2 1 1784 1785 1786 AND
2 1 1786 1783 2044 XOR
2 1 767 512 1789 XOR
2 1 771 513 1790 XOR
2 1 775 514 1791 XOR
2 1 779 515 1792 XOR
2 1 783 516 1793 XOR
2 1 787 517 1794 XOR
2 1 791 518 1795 XOR
2 1 795 519 1796 XOR
2 1 799 520 1797 XOR
2 1 803 521 1798 XOR
2 1 807 522 1799 XOR
2 1 811 523 1800 XOR
2 1 815 524 1801 XOR
2 1 819 525 1802 XOR
2 1 823 526 1803 XOR
2 1 827 527 1804 XOR
2 1 831 528 1805 XOR
2 1 835 529 1806 XOR
2 1 839 530 1807 XOR
2 1 843 531 1808 XOR
2 1 847 532 1809 XOR
2 1 851 533 1810 XOR
2 1 855 534 1811 XOR
2 1 859 535 1812 XOR
2 1 863 536 1813 XOR
2 1 867 537 1814 XOR
2 1 871 538 1815 XOR
2 1 875 539 1816 XOR
2 1 879 540 1817 XOR
2 1 883 541 1818 XOR
2 1 887 542 1819 XOR
2 1 891 543 1820 XOR
2 1 895 544 1821 XOR
2 1 899 545 1822 XOR
2 1 903 546 1823 XOR
2 1 907 547 1824 XOR
2 1 911 548 1825 XOR
2 1 915 549 1826 XOR
2 1 919 550 1827 XOR
2 1 923 551 1828 XOR
2 1 927 552 1829 XOR
2 1 931 553 1830 XOR
2 1 935 554 1831 XOR
2 1 939 555 1832 XOR
2 1 943 556 1833 XOR
2 1 947 557 1834 XOR
2 1 951 558 1835 XOR
2 1 955 559 1836 XOR
2 1 959 560 1837 XOR
2 1 963 561 1838 XOR
2 1 967 562 1839 XOR
2 1 971 563 1840 XOR
2 1 975 564 1841 XOR
2 1 979 565 1842 XOR
2 1 983 566 1843 XOR
2 1 987 567 1844 XOR
2 1 991 568 1845 XOR
2 1 995 569 1846 XOR
2 1 999 570 1847 XOR
2 1 1003 571 1848 XOR
2 1 1007 572 1849 XOR
2 1 1011 573 1850 XOR
2 1 1015 574 1851 XOR
2 1 1019 575 1852 XOR
2 1 1023 576 1853 XOR
2 1 1027 577 1854 XOR
2 1 1031 578 1855 XOR
2 1 1035 579 1856 XOR
2 1 1039 580 1857 XOR
2 1 1043 581 1858 XOR
2 1 1047 582 1859 XOR
2 1 1051 583 1860 XOR
2 1 1055 584 1861 XOR
2 1 1059 585 1862 XOR
2 1 1063 586 1863 XOR
2 1 1067 587 1864 XOR
2 1 1071 588 1865 XOR
2 1 1075 589 1866 XOR
2 1 1079 590 1867 XOR
2 1 1083 591 1868 XOR
2 1 1087 592 1869 XOR
2 1 1091 593 1870 XOR
2 1 1095 594 1871 XOR
2 1 1099 595 1872 XOR
2 1 1103 596 1873 XOR
2 1 1107 597 1874 XOR
2 1 1111 598 1875 XOR
2 1 1115 599 1876 XOR
2 1 1119 600 1877 XOR
2 1 1123 601 1878 XOR
2 1 1127 602 1879 XOR
2 1 1131 603 1880 XOR
2 1 1135 604 1881 XOR
2 1 1139 605 1882 XOR
2 1 1143 606 1883 XOR
2 1 1147 607 1884 XOR
2 1 1151 608 1885 XOR
2 1 1155 609 1886 XOR
2 1 1159 610 1887 XOR
2 1 1163 611 1888 XOR
2 1 1167 612 1889 XOR
2 1 1171 613 1890 XOR
2 1 1175 614 1891 XOR
2 1 1179 615 1892 XOR
2 1 1183 616 1893 XOR
2 1 1187 617 1894 XOR
2 1 1191 618 1895 XOR
2 1 1195 619 1896 XOR
2 1 1199 620 1897 XOR
2 1 1203 621 1898 XOR
2 1 1207 622 1899 XOR
2 1 1211 623 1900 XOR
2 1 1215 624 1901 XOR
2 1 1219 625 1902 XOR
2 1 1223 626 1903 XOR
2 1 1227 627 1904 XOR
2 1 1231 628 1905 XOR
2 1 1235 629 1906 XOR
2 1 1239 630 1907 XOR
2 1 1243 631 1908 XOR
2 1 1247 632 1909 XOR
2 1 1251 633 1910 XOR
2 1 1255 634 1911 XOR
2 1 1259 635 1912 XOR
2 1 1263 636 1913 XOR
2 1 1267 637 1914 XOR
2 1 1271 638 1915 XOR
2 1 1275 639 1916 XOR
2 1 1279 640 1917 XOR
2 1 1283 641 1918 XOR
2 1 1287 642 1919 XOR
2 1 1291 643 1920 XOR
2 1 1295 644 1921 XOR
2 1 1299 645 1922 XOR
2 1 1303 646 1923 XOR
2 1 1307 647 1924 XOR
2 1 1311 648 1925 XOR
2 1 1315 649 1926 XOR
2 1 1319 650 1927 XOR
2 1 1323 651 1928 XOR
2 1 1327 652 1929 XOR
2 1 1331 653 1930 XOR
2 1 1335 654 1931 XOR
2 1 1339 655 1932 XOR
2 1 1343 656 1933 XOR
2 1 1347 657 1934 XOR
2 1 1351 658 1935 XOR
2 1 1355 659 1936 XOR
2 1 1359 660 1937 XOR
2 1 1363 661 1938 XOR
2 1 1367 662 1939 XOR
2 1 1371 663 1940 XOR
2 1 1375 664 1941 XOR
2 1 1379 665 1942 XOR
2 1 1383 666 1943 XOR
2 1 1387 667 1944 XOR
2 1 1391 668 1945 XOR
2 1 1395 669 1946 XOR
2 1 1399 670 1947 XOR
2 1 1403 671 1948 XOR
2 1 1407 672 1949 XOR
2 1 1411 673 1950 XOR
2 1 1415 674 1951 XOR
2 1 1419 675 1952 XOR
2 1 1423 676 1953 XOR
2 1 1427 677 1954 XOR
2 1 1431 678 1955 XOR
2 1 1435 679 1956 XOR
2 1 1439 680 1957 XOR
2 1 1443 681 1958 XOR
2 1 1447 682 1959 XOR
2 1 1451 683 1960 XOR
2 1 1455 684 1961 XOR
2 1 1459 685 1962 XOR
2 1 1463 686 1963 XOR
2 1 1467 687 1964 XOR
2 1 1471 688 1965 XOR
2 1 1475 689 1966 XOR
2 1 1479 690 1967 XOR
2 1 1483 691 1968 XOR
2 1 1487 692 1969 XOR
2 1 1491 693 1970 XOR
2 1 1495 694 1971 XOR
2 1 1499 695 1972 XOR
2 1 1503 696 1973 XOR
2 1 1507 697 1974 XOR
2 1 1511 698 1975 XOR
2 1 1515 699 1976 XOR
2 1 1519 700 1977 XOR
2 1 1523 701 1978 XOR
2 1 1527 702 1979 XOR
2 1 1531 703 1980 XOR
2 1 1535 704 1981 XOR
2 1 1539 705 1982 XOR
2 1 1543 706 1983 XOR
2 1 1547 707 1984 XOR
2 1 1551 708 1985 XOR
2 1 1555 709 1986 XOR
2 1 1559 710 1987 XOR
2 1 1563 711 1988 XOR
2 1 1567 712 1989 XOR
2 1 1571 713 1990 XOR
2 1 1575 714 1991 XOR
2 1 1579 715 1992 XOR
2 1 1583 716 1993 XOR
2 1 1587 717 1994 XOR
2 1 1591 718 1995 XOR
2 1 1595 719 1996 XOR
2 1 1599 720 1997 XOR
2 1 1603 721 1998 XOR
2 1 1607 722 1999 XOR
2 1 1611 723 2000 XOR
2 1 1615 724 2001 XOR
2 1 1619 725 2002 XOR
2 1 1623 726 2003 XOR
2 1 1627 727 2004 XOR
2 1 1631 728 2005 XOR
2 1 1635 729 2006 XOR
2 1 1639 730 2007 XOR
2 1 1643 731 2008 XOR
2 1 1647 732 2009 XOR
2 1 1651 733 2010 XOR
2 1 1655 734 2011 XOR
2 1 1659 735 2012 XOR
2 1 1663 736 2013 XOR
2 1 1667 737 2014 XOR
2 1 1671 738 2015 XOR
2 1 1675 739 2016 XOR
2 1 1679 740 2017 XOR
2 1 1683 741 2018 XOR
2 1 1687 742 2019 XOR
2 1 1691 743 2020 XOR
2 1 1695 744 2021 XOR
2 1 1699 745 2022 XOR
2 1 1703 746 2023 XOR
2 1 1707 747 2024 XOR
2 1 1711 748 2025 XOR
2 1 1715 749 2026 XOR
2 1 1719 750 2027 XOR
2 1 1723 751 2028 XOR
2 1 1727 752 2029 XOR
2 1 1731 753 2030 XOR
2 1 1735 754 2031 XOR
2 1 1739 755 2032 XOR
2 1 1743 756 2033 XOR
2 1 1747 757 2034 XOR
2 1 1751 758 2035 XOR
2 1 1755 759 2036 XOR
2 1 1759 760 2037 XOR
2 1 1763 761 2038 XOR
2 1 1767 762 2039 XOR
2 1 1771 763 2040 XOR
2 1 1775 764 2041 XOR
2 1 1779 765 2042 XOR
2 1 1783 766 2043 XOR
