2039 2551
2 256 256
1 1

2 1 1 257 512 XOR
1 1 512 513 INV
2 1 1 512 514 AND
2 1 257 512 515 AND
2 1 0 513 516 AND
2 1 256 513 517 AND
2 1 514 516 518 XOR
2 1 515 517 519 XOR
2 1 2 258 520 XOR
1 1 520 521 INV
2 1 2 520 522 AND
2 1 258 520 523 AND
2 1 518 521 524 AND
2 1 519 521 525 AND
2 1 522 524 526 XOR
2 1 523 525 527 XOR
2 1 3 259 528 XOR
1 1 528 529 INV
2 1 3 528 530 AND
2 1 259 528 531 AND
2 1 526 529 532 AND
2 1 527 529 533 AND
2 1 530 532 534 XOR
2 1 531 533 535 XOR
2 1 4 260 536 XOR
1 1 536 537 INV
2 1 4 536 538 AND
2 1 260 536 539 AND
2 1 534 537 540 AND
2 1 535 537 541 AND
2 1 538 540 542 XOR
2 1 539 541 543 XOR
2 1 5 261 544 XOR
1 1 544 545 INV
2 1 5 544 546 AND
2 1 261 544 547 AND
2 1 542 545 548 AND
2 1 543 545 549 AND
2 1 546 548 550 XOR
2 1 547 549 551 XOR
2 1 6 262 552 XOR
1 1 552 553 INV
2 1 6 552 554 AND
2 1 262 552 555 AND
2 1 550 553 556 AND
2 1 551 553 557 AND
2 1 554 556 558 XOR
2 1 555 557 559 XOR
2 1 7 263 560 XOR
1 1 560 561 INV
2 1 7 560 562 AND
2 1 263 560 563 AND
2 1 558 561 564 AND
2 1 559 561 565 AND
2 1 562 564 566 XOR
2 1 563 565 567 XOR
2 1 8 264 568 XOR
1 1 568 569 INV
2 1 8 568 570 AND
2 1 264 568 571 AND
2 1 566 569 572 AND
2 1 567 569 573 AND
2 1 570 572 574 XOR
2 1 571 573 575 XOR
2 1 9 265 576 XOR
1 1 576 577 INV
2 1 9 576 578 AND
2 1 265 576 579 AND
2 1 574 577 580 AND
2 1 575 577 581 AND
2 1 578 580 582 XOR
2 1 579 581 583 XOR
2 1 10 266 584 XOR
1 1 584 585 INV
2 1 10 584 586 AND
2 1 266 584 587 AND
2 1 582 585 588 AND
2 1 583 585 589 AND
2 1 586 588 590 XOR
2 1 587 589 591 XOR
2 1 11 267 592 XOR
1 1 592 593 INV
2 1 11 592 594 AND
2 1 267 592 595 AND
2 1 590 593 596 AND
2 1 591 593 597 AND
2 1 594 596 598 XOR
2 1 595 597 599 XOR
2 1 12 268 600 XOR
1 1 600 601 INV
2 1 12 600 602 AND
2 1 268 600 603 AND
2 1 598 601 604 AND
2 1 599 601 605 AND
2 1 602 604 606 XOR
2 1 603 605 607 XOR
2 1 13 269 608 XOR
1 1 608 609 INV
2 1 13 608 610 AND
2 1 269 608 611 AND
2 1 606 609 612 AND
2 1 607 609 613 AND
2 1 610 612 614 XOR
2 1 611 613 615 XOR
2 1 14 270 616 XOR
1 1 616 617 INV
2 1 14 616 618 AND
2 1 270 616 619 AND
2 1 614 617 620 AND
2 1 615 617 621 AND
2 1 618 620 622 XOR
2 1 619 621 623 XOR
2 1 15 271 624 XOR
1 1 624 625 INV
2 1 15 624 626 AND
2 1 271 624 627 AND
2 1 622 625 628 AND
2 1 623 625 629 AND
2 1 626 628 630 XOR
2 1 627 629 631 XOR
2 1 16 272 632 XOR
1 1 632 633 INV
2 1 16 632 634 AND
2 1 272 632 635 AND
2 1 630 633 636 AND
2 1 631 633 637 AND
2 1 634 636 638 XOR
2 1 635 637 639 XOR
2 1 17 273 640 XOR
1 1 640 641 INV
2 1 17 640 642 AND
2 1 273 640 643 AND
2 1 638 641 644 AND
2 1 639 641 645 AND
2 1 642 644 646 XOR
2 1 643 645 647 XOR
2 1 18 274 648 XOR
1 1 648 649 INV
2 1 18 648 650 AND
2 1 274 648 651 AND
2 1 646 649 652 AND
2 1 647 649 653 AND
2 1 650 652 654 XOR
2 1 651 653 655 XOR
2 1 19 275 656 XOR
1 1 656 657 INV
2 1 19 656 658 AND
2 1 275 656 659 AND
2 1 654 657 660 AND
2 1 655 657 661 AND
2 1 658 660 662 XOR
2 1 659 661 663 XOR
2 1 20 276 664 XOR
1 1 664 665 INV
2 1 20 664 666 AND
2 1 276 664 667 AND
2 1 662 665 668 AND
2 1 663 665 669 AND
2 1 666 668 670 XOR
2 1 667 669 671 XOR
2 1 21 277 672 XOR
1 1 672 673 INV
2 1 21 672 674 AND
2 1 277 672 675 AND
2 1 670 673 676 AND
2 1 671 673 677 AND
2 1 674 676 678 XOR
2 1 675 677 679 XOR
2 1 22 278 680 XOR
1 1 680 681 INV
2 1 22 680 682 AND
2 1 278 680 683 AND
2 1 678 681 684 AND
2 1 679 681 685 AND
2 1 682 684 686 XOR
2 1 683 685 687 XOR
2 1 23 279 688 XOR
1 1 688 689 INV
2 1 23 688 690 AND
2 1 279 688 691 AND
2 1 686 689 692 AND
2 1 687 689 693 AND
2 1 690 692 694 XOR
2 1 691 693 695 XOR
2 1 24 280 696 XOR
1 1 696 697 INV
2 1 24 696 698 AND
2 1 280 696 699 AND
2 1 694 697 700 AND
2 1 695 697 701 AND
2 1 698 700 702 XOR
2 1 699 701 703 XOR
2 1 25 281 704 XOR
1 1 704 705 INV
2 1 25 704 706 AND
2 1 281 704 707 AND
2 1 702 705 708 AND
2 1 703 705 709 AND
2 1 706 708 710 XOR
2 1 707 709 711 XOR
2 1 26 282 712 XOR
1 1 712 713 INV
2 1 26 712 714 AND
2 1 282 712 715 AND
2 1 710 713 716 AND
2 1 711 713 717 AND
2 1 714 716 718 XOR
2 1 715 717 719 XOR
2 1 27 283 720 XOR
1 1 720 721 INV
2 1 27 720 722 AND
2 1 283 720 723 AND
2 1 718 721 724 AND
2 1 719 721 725 AND
2 1 722 724 726 XOR
2 1 723 725 727 XOR
2 1 28 284 728 XOR
1 1 728 729 INV
2 1 28 728 730 AND
2 1 284 728 731 AND
2 1 726 729 732 AND
2 1 727 729 733 AND
2 1 730 732 734 XOR
2 1 731 733 735 XOR
2 1 29 285 736 XOR
1 1 736 737 INV
2 1 29 736 738 AND
2 1 285 736 739 AND
2 1 734 737 740 AND
2 1 735 737 741 AND
2 1 738 740 742 XOR
2 1 739 741 743 XOR
2 1 30 286 744 XOR
1 1 744 745 INV
2 1 30 744 746 AND
2 1 286 744 747 AND
2 1 742 745 748 AND
2 1 743 745 749 AND
2 1 746 748 750 XOR
2 1 747 749 751 XOR
2 1 31 287 752 XOR
1 1 752 753 INV
2 1 31 752 754 AND
2 1 287 752 755 AND
2 1 750 753 756 AND
2 1 751 753 757 AND
2 1 754 756 758 XOR
2 1 755 757 759 XOR
2 1 32 288 760 XOR
1 1 760 761 INV
2 1 32 760 762 AND
2 1 288 760 763 AND
2 1 758 761 764 AND
2 1 759 761 765 AND
2 1 762 764 766 XOR
2 1 763 765 767 XOR
2 1 33 289 768 XOR
1 1 768 769 INV
2 1 33 768 770 AND
2 1 289 768 771 AND
2 1 766 769 772 AND
2 1 767 769 773 AND
2 1 770 772 774 XOR
2 1 771 773 775 XOR
2 1 34 290 776 XOR
1 1 776 777 INV
2 1 34 776 778 AND
2 1 290 776 779 AND
2 1 774 777 780 AND
2 1 775 777 781 AND
2 1 778 780 782 XOR
2 1 779 781 783 XOR
2 1 35 291 784 XOR
1 1 784 785 INV
2 1 35 784 786 AND
2 1 291 784 787 AND
2 1 782 785 788 AND
2 1 783 785 789 AND
2 1 786 788 790 XOR
2 1 787 789 791 XOR
2 1 36 292 792 XOR
1 1 792 793 INV
2 1 36 792 794 AND
2 1 292 792 795 AND
2 1 790 793 796 AND
2 1 791 793 797 AND
2 1 794 796 798 XOR
2 1 795 797 799 XOR
2 1 37 293 800 XOR
1 1 800 801 INV
2 1 37 800 802 AND
2 1 293 800 803 AND
2 1 798 801 804 AND
2 1 799 801 805 AND
2 1 802 804 806 XOR
2 1 803 805 807 XOR
2 1 38 294 808 XOR
1 1 808 809 INV
2 1 38 808 810 AND
2 1 294 808 811 AND
2 1 806 809 812 AND
2 1 807 809 813 AND
2 1 810 812 814 XOR
2 1 811 813 815 XOR
2 1 39 295 816 XOR
1 1 816 817 INV
2 1 39 816 818 AND
2 1 295 816 819 AND
2 1 814 817 820 AND
2 1 815 817 821 AND
2 1 818 820 822 XOR
2 1 819 821 823 XOR
2 1 40 296 824 XOR
1 1 824 825 INV
2 1 40 824 826 AND
2 1 296 824 827 AND
2 1 822 825 828 AND
2 1 823 825 829 AND
2 1 826 828 830 XOR
2 1 827 829 831 XOR
2 1 41 297 832 XOR
1 1 832 833 INV
2 1 41 832 834 AND
2 1 297 832 835 AND
2 1 830 833 836 AND
2 1 831 833 837 AND
2 1 834 836 838 XOR
2 1 835 837 839 XOR
2 1 42 298 840 XOR
1 1 840 841 INV
2 1 42 840 842 AND
2 1 298 840 843 AND
2 1 838 841 844 AND
2 1 839 841 845 AND
2 1 842 844 846 XOR
2 1 843 845 847 XOR
2 1 43 299 848 XOR
1 1 848 849 INV
2 1 43 848 850 AND
2 1 299 848 851 AND
2 1 846 849 852 AND
2 1 847 849 853 AND
2 1 850 852 854 XOR
2 1 851 853 855 XOR
2 1 44 300 856 XOR
1 1 856 857 INV
2 1 44 856 858 AND
2 1 300 856 859 AND
2 1 854 857 860 AND
2 1 855 857 861 AND
2 1 858 860 862 XOR
2 1 859 861 863 XOR
2 1 45 301 864 XOR
1 1 864 865 INV
2 1 45 864 866 AND
2 1 301 864 867 AND
2 1 862 865 868 AND
2 1 863 865 869 AND
2 1 866 868 870 XOR
2 1 867 869 871 XOR
2 1 46 302 872 XOR
1 1 872 873 INV
2 1 46 872 874 AND
2 1 302 872 875 AND
2 1 870 873 876 AND
2 1 871 873 877 AND
2 1 874 876 878 XOR
2 1 875 877 879 XOR
2 1 47 303 880 XOR
1 1 880 881 INV
2 1 47 880 882 AND
2 1 303 880 883 AND
2 1 878 881 884 AND
2 1 879 881 885 AND
2 1 882 884 886 XOR
2 1 883 885 887 XOR
2 1 48 304 888 XOR
1 1 888 889 INV
2 1 48 888 890 AND
2 1 304 888 891 AND
2 1 886 889 892 AND
2 1 887 889 893 AND
2 1 890 892 894 XOR
2 1 891 893 895 XOR
2 1 49 305 896 XOR
1 1 896 897 INV
2 1 49 896 898 AND
2 1 305 896 899 AND
2 1 894 897 900 AND
2 1 895 897 901 AND
2 1 898 900 902 XOR
2 1 899 901 903 XOR
2 1 50 306 904 XOR
1 1 904 905 INV
2 1 50 904 906 AND
2 1 306 904 907 AND
2 1 902 905 908 AND
2 1 903 905 909 AND
2 1 906 908 910 XOR
2 1 907 909 911 XOR
2 1 51 307 912 XOR
1 1 912 913 INV
2 1 51 912 914 AND
2 1 307 912 915 AND
2 1 910 913 916 AND
2 1 911 913 917 AND
2 1 914 916 918 XOR
2 1 915 917 919 XOR
2 1 52 308 920 XOR
1 1 920 921 INV
2 1 52 920 922 AND
2 1 308 920 923 AND
2 1 918 921 924 AND
2 1 919 921 925 AND
2 1 922 924 926 XOR
2 1 923 925 927 XOR
2 1 53 309 928 XOR
1 1 928 929 INV
2 1 53 928 930 AND
2 1 309 928 931 AND
2 1 926 929 932 AND
2 1 927 929 933 AND
2 1 930 932 934 XOR
2 1 931 933 935 XOR
2 1 54 310 936 XOR
1 1 936 937 INV
2 1 54 936 938 AND
2 1 310 936 939 AND
2 1 934 937 940 AND
2 1 935 937 941 AND
2 1 938 940 942 XOR
2 1 939 941 943 XOR
2 1 55 311 944 XOR
1 1 944 945 INV
2 1 55 944 946 AND
2 1 311 944 947 AND
2 1 942 945 948 AND
2 1 943 945 949 AND
2 1 946 948 950 XOR
2 1 947 949 951 XOR
2 1 56 312 952 XOR
1 1 952 953 INV
2 1 56 952 954 AND
2 1 312 952 955 AND
2 1 950 953 956 AND
2 1 951 953 957 AND
2 1 954 956 958 XOR
2 1 955 957 959 XOR
2 1 57 313 960 XOR
1 1 960 961 INV
2 1 57 960 962 AND
2 1 313 960 963 AND
2 1 958 961 964 AND
2 1 959 961 965 AND
2 1 962 964 966 XOR
2 1 963 965 967 XOR
2 1 58 314 968 XOR
1 1 968 969 INV
2 1 58 968 970 AND
2 1 314 968 971 AND
2 1 966 969 972 AND
2 1 967 969 973 AND
2 1 970 972 974 XOR
2 1 971 973 975 XOR
2 1 59 315 976 XOR
1 1 976 977 INV
2 1 59 976 978 AND
2 1 315 976 979 AND
2 1 974 977 980 AND
2 1 975 977 981 AND
2 1 978 980 982 XOR
2 1 979 981 983 XOR
2 1 60 316 984 XOR
1 1 984 985 INV
2 1 60 984 986 AND
2 1 316 984 987 AND
2 1 982 985 988 AND
2 1 983 985 989 AND
2 1 986 988 990 XOR
2 1 987 989 991 XOR
2 1 61 317 992 XOR
1 1 992 993 INV
2 1 61 992 994 AND
2 1 317 992 995 AND
2 1 990 993 996 AND
2 1 991 993 997 AND
2 1 994 996 998 XOR
2 1 995 997 999 XOR
2 1 62 318 1000 XOR
1 1 1000 1001 INV
2 1 62 1000 1002 AND
2 1 318 1000 1003 AND
2 1 998 1001 1004 AND
2 1 999 1001 1005 AND
2 1 1002 1004 1006 XOR
2 1 1003 1005 1007 XOR
2 1 63 319 1008 XOR
1 1 1008 1009 INV
2 1 63 1008 1010 AND
2 1 319 1008 1011 AND
2 1 1006 1009 1012 AND
2 1 1007 1009 1013 AND
2 1 1010 1012 1014 XOR
2 1 1011 1013 1015 XOR
2 1 64 320 1016 XOR
1 1 1016 1017 INV
2 1 64 1016 1018 AND
2 1 320 1016 1019 AND
2 1 1014 1017 1020 AND
2 1 1015 1017 1021 AND
2 1 1018 1020 1022 XOR
2 1 1019 1021 1023 XOR
2 1 65 321 1024 XOR
1 1 1024 1025 INV
2 1 65 1024 1026 AND
2 1 321 1024 1027 AND
2 1 1022 1025 1028 AND
2 1 1023 1025 1029 AND
2 1 1026 1028 1030 XOR
2 1 1027 1029 1031 XOR
2 1 66 322 1032 XOR
1 1 1032 1033 INV
2 1 66 1032 1034 AND
2 1 322 1032 1035 AND
2 1 1030 1033 1036 AND
2 1 1031 1033 1037 AND
2 1 1034 1036 1038 XOR
2 1 1035 1037 1039 XOR
2 1 67 323 1040 XOR
1 1 1040 1041 INV
2 1 67 1040 1042 AND
2 1 323 1040 1043 AND
2 1 1038 1041 1044 AND
2 1 1039 1041 1045 AND
2 1 1042 1044 1046 XOR
2 1 1043 1045 1047 XOR
2 1 68 324 1048 XOR
1 1 1048 1049 INV
2 1 68 1048 1050 AND
2 1 324 1048 1051 AND
2 1 1046 1049 1052 AND
2 1 1047 1049 1053 AND
2 1 1050 1052 1054 XOR
2 1 1051 1053 1055 XOR
2 1 69 325 1056 XOR
1 1 1056 1057 INV
2 1 69 1056 1058 AND
2 1 325 1056 1059 AND
2 1 1054 1057 1060 AND
2 1 1055 1057 1061 AND
2 1 1058 1060 1062 XOR
2 1 1059 1061 1063 XOR
2 1 70 326 1064 XOR
1 1 1064 1065 INV
2 1 70 1064 1066 AND
2 1 326 1064 1067 AND
2 1 1062 1065 1068 AND
2 1 1063 1065 1069 AND
2 1 1066 1068 1070 XOR
2 1 1067 1069 1071 XOR
2 1 71 327 1072 XOR
1 1 1072 1073 INV
2 1 71 1072 1074 AND
2 1 327 1072 1075 AND
2 1 1070 1073 1076 AND
2 1 1071 1073 1077 AND
2 1 1074 1076 1078 XOR
2 1 1075 1077 1079 XOR
2 1 72 328 1080 XOR
1 1 1080 1081 INV
2 1 72 1080 1082 AND
2 1 328 1080 1083 AND
2 1 1078 1081 1084 AND
2 1 1079 1081 1085 AND
2 1 1082 1084 1086 XOR
2 1 1083 1085 1087 XOR
2 1 73 329 1088 XOR
1 1 1088 1089 INV
2 1 73 1088 1090 AND
2 1 329 1088 1091 AND
2 1 1086 1089 1092 AND
2 1 1087 1089 1093 AND
2 1 1090 1092 1094 XOR
2 1 1091 1093 1095 XOR
2 1 74 330 1096 XOR
1 1 1096 1097 INV
2 1 74 1096 1098 AND
2 1 330 1096 1099 AND
2 1 1094 1097 1100 AND
2 1 1095 1097 1101 AND
2 1 1098 1100 1102 XOR
2 1 1099 1101 1103 XOR
2 1 75 331 1104 XOR
1 1 1104 1105 INV
2 1 75 1104 1106 AND
2 1 331 1104 1107 AND
2 1 1102 1105 1108 AND
2 1 1103 1105 1109 AND
2 1 1106 1108 1110 XOR
2 1 1107 1109 1111 XOR
2 1 76 332 1112 XOR
1 1 1112 1113 INV
2 1 76 1112 1114 AND
2 1 332 1112 1115 AND
2 1 1110 1113 1116 AND
2 1 1111 1113 1117 AND
2 1 1114 1116 1118 XOR
2 1 1115 1117 1119 XOR
2 1 77 333 1120 XOR
1 1 1120 1121 INV
2 1 77 1120 1122 AND
2 1 333 1120 1123 AND
2 1 1118 1121 1124 AND
2 1 1119 1121 1125 AND
2 1 1122 1124 1126 XOR
2 1 1123 1125 1127 XOR
2 1 78 334 1128 XOR
1 1 1128 1129 INV
2 1 78 1128 1130 AND
2 1 334 1128 1131 AND
2 1 1126 1129 1132 AND
2 1 1127 1129 1133 AND
2 1 1130 1132 1134 XOR
2 1 1131 1133 1135 XOR
2 1 79 335 1136 XOR
1 1 1136 1137 INV
2 1 79 1136 1138 AND
2 1 335 1136 1139 AND
2 1 1134 1137 1140 AND
2 1 1135 1137 1141 AND
2 1 1138 1140 1142 XOR
2 1 1139 1141 1143 XOR
2 1 80 336 1144 XOR
1 1 1144 1145 INV
2 1 80 1144 1146 AND
2 1 336 1144 1147 AND
2 1 1142 1145 1148 AND
2 1 1143 1145 1149 AND
2 1 1146 1148 1150 XOR
2 1 1147 1149 1151 XOR
2 1 81 337 1152 XOR
1 1 1152 1153 INV
2 1 81 1152 1154 AND
2 1 337 1152 1155 AND
2 1 1150 1153 1156 AND
2 1 1151 1153 1157 AND
2 1 1154 1156 1158 XOR
2 1 1155 1157 1159 XOR
2 1 82 338 1160 XOR
1 1 1160 1161 INV
2 1 82 1160 1162 AND
2 1 338 1160 1163 AND
2 1 1158 1161 1164 AND
2 1 1159 1161 1165 AND
2 1 1162 1164 1166 XOR
2 1 1163 1165 1167 XOR
2 1 83 339 1168 XOR
1 1 1168 1169 INV
2 1 83 1168 1170 AND
2 1 339 1168 1171 AND
2 1 1166 1169 1172 AND
2 1 1167 1169 1173 AND
2 1 1170 1172 1174 XOR
2 1 1171 1173 1175 XOR
2 1 84 340 1176 XOR
1 1 1176 1177 INV
2 1 84 1176 1178 AND
2 1 340 1176 1179 AND
2 1 1174 1177 1180 AND
2 1 1175 1177 1181 AND
2 1 1178 1180 1182 XOR
2 1 1179 1181 1183 XOR
2 1 85 341 1184 XOR
1 1 1184 1185 INV
2 1 85 1184 1186 AND
2 1 341 1184 1187 AND
2 1 1182 1185 1188 AND
2 1 1183 1185 1189 AND
2 1 1186 1188 1190 XOR
2 1 1187 1189 1191 XOR
2 1 86 342 1192 XOR
1 1 1192 1193 INV
2 1 86 1192 1194 AND
2 1 342 1192 1195 AND
2 1 1190 1193 1196 AND
2 1 1191 1193 1197 AND
2 1 1194 1196 1198 XOR
2 1 1195 1197 1199 XOR
2 1 87 343 1200 XOR
1 1 1200 1201 INV
2 1 87 1200 1202 AND
2 1 343 1200 1203 AND
2 1 1198 1201 1204 AND
2 1 1199 1201 1205 AND
2 1 1202 1204 1206 XOR
2 1 1203 1205 1207 XOR
2 1 88 344 1208 XOR
1 1 1208 1209 INV
2 1 88 1208 1210 AND
2 1 344 1208 1211 AND
2 1 1206 1209 1212 AND
2 1 1207 1209 1213 AND
2 1 1210 1212 1214 XOR
2 1 1211 1213 1215 XOR
2 1 89 345 1216 XOR
1 1 1216 1217 INV
2 1 89 1216 1218 AND
2 1 345 1216 1219 AND
2 1 1214 1217 1220 AND
2 1 1215 1217 1221 AND
2 1 1218 1220 1222 XOR
2 1 1219 1221 1223 XOR
2 1 90 346 1224 XOR
1 1 1224 1225 INV
2 1 90 1224 1226 AND
2 1 346 1224 1227 AND
2 1 1222 1225 1228 AND
2 1 1223 1225 1229 AND
2 1 1226 1228 1230 XOR
2 1 1227 1229 1231 XOR
2 1 91 347 1232 XOR
1 1 1232 1233 INV
2 1 91 1232 1234 AND
2 1 347 1232 1235 AND
2 1 1230 1233 1236 AND
2 1 1231 1233 1237 AND
2 1 1234 1236 1238 XOR
2 1 1235 1237 1239 XOR
2 1 92 348 1240 XOR
1 1 1240 1241 INV
2 1 92 1240 1242 AND
2 1 348 1240 1243 AND
2 1 1238 1241 1244 AND
2 1 1239 1241 1245 AND
2 1 1242 1244 1246 XOR
2 1 1243 1245 1247 XOR
2 1 93 349 1248 XOR
1 1 1248 1249 INV
2 1 93 1248 1250 AND
2 1 349 1248 1251 AND
2 1 1246 1249 1252 AND
2 1 1247 1249 1253 AND
2 1 1250 1252 1254 XOR
2 1 1251 1253 1255 XOR
2 1 94 350 1256 XOR
1 1 1256 1257 INV
2 1 94 1256 1258 AND
2 1 350 1256 1259 AND
2 1 1254 1257 1260 AND
2 1 1255 1257 1261 AND
2 1 1258 1260 1262 XOR
2 1 1259 1261 1263 XOR
2 1 95 351 1264 XOR
1 1 1264 1265 INV
2 1 95 1264 1266 AND
2 1 351 1264 1267 AND
2 1 1262 1265 1268 AND
2 1 1263 1265 1269 AND
2 1 1266 1268 1270 XOR
2 1 1267 1269 1271 XOR
2 1 96 352 1272 XOR
1 1 1272 1273 INV
2 1 96 1272 1274 AND
2 1 352 1272 1275 AND
2 1 1270 1273 1276 AND
2 1 1271 1273 1277 AND
2 1 1274 1276 1278 XOR
2 1 1275 1277 1279 XOR
2 1 97 353 1280 XOR
1 1 1280 1281 INV
2 1 97 1280 1282 AND
2 1 353 1280 1283 AND
2 1 1278 1281 1284 AND
2 1 1279 1281 1285 AND
2 1 1282 1284 1286 XOR
2 1 1283 1285 1287 XOR
2 1 98 354 1288 XOR
1 1 1288 1289 INV
2 1 98 1288 1290 AND
2 1 354 1288 1291 AND
2 1 1286 1289 1292 AND
2 1 1287 1289 1293 AND
2 1 1290 1292 1294 XOR
2 1 1291 1293 1295 XOR
2 1 99 355 1296 XOR
1 1 1296 1297 INV
2 1 99 1296 1298 AND
2 1 355 1296 1299 AND
2 1 1294 1297 1300 AND
2 1 1295 1297 1301 AND
2 1 1298 1300 1302 XOR
2 1 1299 1301 1303 XOR
2 1 100 356 1304 XOR
1 1 1304 1305 INV
2 1 100 1304 1306 AND
2 1 356 1304 1307 AND
2 1 1302 1305 1308 AND
2 1 1303 1305 1309 AND
2 1 1306 1308 1310 XOR
2 1 1307 1309 1311 XOR
2 1 101 357 1312 XOR
1 1 1312 1313 INV
2 1 101 1312 1314 AND
2 1 357 1312 1315 AND
2 1 1310 1313 1316 AND
2 1 1311 1313 1317 AND
2 1 1314 1316 1318 XOR
2 1 1315 1317 1319 XOR
2 1 102 358 1320 XOR
1 1 1320 1321 INV
2 1 102 1320 1322 AND
2 1 358 1320 1323 AND
2 1 1318 1321 1324 AND
2 1 1319 1321 1325 AND
2 1 1322 1324 1326 XOR
2 1 1323 1325 1327 XOR
2 1 103 359 1328 XOR
1 1 1328 1329 INV
2 1 103 1328 1330 AND
2 1 359 1328 1331 AND
2 1 1326 1329 1332 AND
2 1 1327 1329 1333 AND
2 1 1330 1332 1334 XOR
2 1 1331 1333 1335 XOR
2 1 104 360 1336 XOR
1 1 1336 1337 INV
2 1 104 1336 1338 AND
2 1 360 1336 1339 AND
2 1 1334 1337 1340 AND
2 1 1335 1337 1341 AND
2 1 1338 1340 1342 XOR
2 1 1339 1341 1343 XOR
2 1 105 361 1344 XOR
1 1 1344 1345 INV
2 1 105 1344 1346 AND
2 1 361 1344 1347 AND
2 1 1342 1345 1348 AND
2 1 1343 1345 1349 AND
2 1 1346 1348 1350 XOR
2 1 1347 1349 1351 XOR
2 1 106 362 1352 XOR
1 1 1352 1353 INV
2 1 106 1352 1354 AND
2 1 362 1352 1355 AND
2 1 1350 1353 1356 AND
2 1 1351 1353 1357 AND
2 1 1354 1356 1358 XOR
2 1 1355 1357 1359 XOR
2 1 107 363 1360 XOR
1 1 1360 1361 INV
2 1 107 1360 1362 AND
2 1 363 1360 1363 AND
2 1 1358 1361 1364 AND
2 1 1359 1361 1365 AND
2 1 1362 1364 1366 XOR
2 1 1363 1365 1367 XOR
2 1 108 364 1368 XOR
1 1 1368 1369 INV
2 1 108 1368 1370 AND
2 1 364 1368 1371 AND
2 1 1366 1369 1372 AND
2 1 1367 1369 1373 AND
2 1 1370 1372 1374 XOR
2 1 1371 1373 1375 XOR
2 1 109 365 1376 XOR
1 1 1376 1377 INV
2 1 109 1376 1378 AND
2 1 365 1376 1379 AND
2 1 1374 1377 1380 AND
2 1 1375 1377 1381 AND
2 1 1378 1380 1382 XOR
2 1 1379 1381 1383 XOR
2 1 110 366 1384 XOR
1 1 1384 1385 INV
2 1 110 1384 1386 AND
2 1 366 1384 1387 AND
2 1 1382 1385 1388 AND
2 1 1383 1385 1389 AND
2 1 1386 1388 1390 XOR
2 1 1387 1389 1391 XOR
2 1 111 367 1392 XOR
1 1 1392 1393 INV
2 1 111 1392 1394 AND
2 1 367 1392 1395 AND
2 1 1390 1393 1396 AND
2 1 1391 1393 1397 AND
2 1 1394 1396 1398 XOR
2 1 1395 1397 1399 XOR
2 1 112 368 1400 XOR
1 1 1400 1401 INV
2 1 112 1400 1402 AND
2 1 368 1400 1403 AND
2 1 1398 1401 1404 AND
2 1 1399 1401 1405 AND
2 1 1402 1404 1406 XOR
2 1 1403 1405 1407 XOR
2 1 113 369 1408 XOR
1 1 1408 1409 INV
2 1 113 1408 1410 AND
2 1 369 1408 1411 AND
2 1 1406 1409 1412 AND
2 1 1407 1409 1413 AND
2 1 1410 1412 1414 XOR
2 1 1411 1413 1415 XOR
2 1 114 370 1416 XOR
1 1 1416 1417 INV
2 1 114 1416 1418 AND
2 1 370 1416 1419 AND
2 1 1414 1417 1420 AND
2 1 1415 1417 1421 AND
2 1 1418 1420 1422 XOR
2 1 1419 1421 1423 XOR
2 1 115 371 1424 XOR
1 1 1424 1425 INV
2 1 115 1424 1426 AND
2 1 371 1424 1427 AND
2 1 1422 1425 1428 AND
2 1 1423 1425 1429 AND
2 1 1426 1428 1430 XOR
2 1 1427 1429 1431 XOR
2 1 116 372 1432 XOR
1 1 1432 1433 INV
2 1 116 1432 1434 AND
2 1 372 1432 1435 AND
2 1 1430 1433 1436 AND
2 1 1431 1433 1437 AND
2 1 1434 1436 1438 XOR
2 1 1435 1437 1439 XOR
2 1 117 373 1440 XOR
1 1 1440 1441 INV
2 1 117 1440 1442 AND
2 1 373 1440 1443 AND
2 1 1438 1441 1444 AND
2 1 1439 1441 1445 AND
2 1 1442 1444 1446 XOR
2 1 1443 1445 1447 XOR
2 1 118 374 1448 XOR
1 1 1448 1449 INV
2 1 118 1448 1450 AND
2 1 374 1448 1451 AND
2 1 1446 1449 1452 AND
2 1 1447 1449 1453 AND
2 1 1450 1452 1454 XOR
2 1 1451 1453 1455 XOR
2 1 119 375 1456 XOR
1 1 1456 1457 INV
2 1 119 1456 1458 AND
2 1 375 1456 1459 AND
2 1 1454 1457 1460 AND
2 1 1455 1457 1461 AND
2 1 1458 1460 1462 XOR
2 1 1459 1461 1463 XOR
2 1 120 376 1464 XOR
1 1 1464 1465 INV
2 1 120 1464 1466 AND
2 1 376 1464 1467 AND
2 1 1462 1465 1468 AND
2 1 1463 1465 1469 AND
2 1 1466 1468 1470 XOR
2 1 1467 1469 1471 XOR
2 1 121 377 1472 XOR
1 1 1472 1473 INV
2 1 121 1472 1474 AND
2 1 377 1472 1475 AND
2 1 1470 1473 1476 AND
2 1 1471 1473 1477 AND
2 1 1474 1476 1478 XOR
2 1 1475 1477 1479 XOR
2 1 122 378 1480 XOR
1 1 1480 1481 INV
2 1 122 1480 1482 AND
2 1 378 1480 1483 AND
2 1 1478 1481 1484 AND
2 1 1479 1481 1485 AND
2 1 1482 1484 1486 XOR
2 1 1483 1485 1487 XOR
2 1 123 379 1488 XOR
1 1 1488 1489 INV
2 1 123 1488 1490 AND
2 1 379 1488 1491 AND
2 1 1486 1489 1492 AND
2 1 1487 1489 1493 AND
2 1 1490 1492 1494 XOR
2 1 1491 1493 1495 XOR
2 1 124 380 1496 XOR
1 1 1496 1497 INV
2 1 124 1496 1498 AND
2 1 380 1496 1499 AND
2 1 1494 1497 1500 AND
2 1 1495 1497 1501 AND
2 1 1498 1500 1502 XOR
2 1 1499 1501 1503 XOR
2 1 125 381 1504 XOR
1 1 1504 1505 INV
2 1 125 1504 1506 AND
2 1 381 1504 1507 AND
2 1 1502 1505 1508 AND
2 1 1503 1505 1509 AND
2 1 1506 1508 1510 XOR
2 1 1507 1509 1511 XOR
2 1 126 382 1512 XOR
1 1 1512 1513 INV
2 1 126 1512 1514 AND
2 1 382 1512 1515 AND
2 1 1510 1513 1516 AND
2 1 1511 1513 1517 AND
2 1 1514 1516 1518 XOR
2 1 1515 1517 1519 XOR
2 1 127 383 1520 XOR
1 1 1520 1521 INV
2 1 127 1520 1522 AND
2 1 383 1520 1523 AND
2 1 1518 1521 1524 AND
2 1 1519 1521 1525 AND
2 1 1522 1524 1526 XOR
2 1 1523 1525 1527 XOR
2 1 128 384 1528 XOR
1 1 1528 1529 INV
2 1 128 1528 1530 AND
2 1 384 1528 1531 AND
2 1 1526 1529 1532 AND
2 1 1527 1529 1533 AND
2 1 1530 1532 1534 XOR
2 1 1531 1533 1535 XOR
2 1 129 385 1536 XOR
1 1 1536 1537 INV
2 1 129 1536 1538 AND
2 1 385 1536 1539 AND
2 1 1534 1537 1540 AND
2 1 1535 1537 1541 AND
2 1 1538 1540 1542 XOR
2 1 1539 1541 1543 XOR
2 1 130 386 1544 XOR
1 1 1544 1545 INV
2 1 130 1544 1546 AND
2 1 386 1544 1547 AND
2 1 1542 1545 1548 AND
2 1 1543 1545 1549 AND
2 1 1546 1548 1550 XOR
2 1 1547 1549 1551 XOR
2 1 131 387 1552 XOR
1 1 1552 1553 INV
2 1 131 1552 1554 AND
2 1 387 1552 1555 AND
2 1 1550 1553 1556 AND
2 1 1551 1553 1557 AND
2 1 1554 1556 1558 XOR
2 1 1555 1557 1559 XOR
2 1 132 388 1560 XOR
1 1 1560 1561 INV
2 1 132 1560 1562 AND
2 1 388 1560 1563 AND
2 1 1558 1561 1564 AND
2 1 1559 1561 1565 AND
2 1 1562 1564 1566 XOR
2 1 1563 1565 1567 XOR
2 1 133 389 1568 XOR
1 1 1568 1569 INV
2 1 133 1568 1570 AND
2 1 389 1568 1571 AND
2 1 1566 1569 1572 AND
2 1 1567 1569 1573 AND
2 1 1570 1572 1574 XOR
2 1 1571 1573 1575 XOR
2 1 134 390 1576 XOR
1 1 1576 1577 INV
2 1 134 1576 1578 AND
2 1 390 1576 1579 AND
2 1 1574 1577 1580 AND
2 1 1575 1577 1581 AND
2 1 1578 1580 1582 XOR
2 1 1579 1581 1583 XOR
2 1 135 391 1584 XOR
1 1 1584 1585 INV
2 1 135 1584 1586 AND
2 1 391 1584 1587 AND
2 1 1582 1585 1588 AND
2 1 1583 1585 1589 AND
2 1 1586 1588 1590 XOR
2 1 1587 1589 1591 XOR
2 1 136 392 1592 XOR
1 1 1592 1593 INV
2 1 136 1592 1594 AND
2 1 392 1592 1595 AND
2 1 1590 1593 1596 AND
2 1 1591 1593 1597 AND
2 1 1594 1596 1598 XOR
2 1 1595 1597 1599 XOR
2 1 137 393 1600 XOR
1 1 1600 1601 INV
2 1 137 1600 1602 AND
2 1 393 1600 1603 AND
2 1 1598 1601 1604 AND
2 1 1599 1601 1605 AND
2 1 1602 1604 1606 XOR
2 1 1603 1605 1607 XOR
2 1 138 394 1608 XOR
1 1 1608 1609 INV
2 1 138 1608 1610 AND
2 1 394 1608 1611 AND
2 1 1606 1609 1612 AND
2 1 1607 1609 1613 AND
2 1 1610 1612 1614 XOR
2 1 1611 1613 1615 XOR
2 1 139 395 1616 XOR
1 1 1616 1617 INV
2 1 139 1616 1618 AND
2 1 395 1616 1619 AND
2 1 1614 1617 1620 AND
2 1 1615 1617 1621 AND
2 1 1618 1620 1622 XOR
2 1 1619 1621 1623 XOR
2 1 140 396 1624 XOR
1 1 1624 1625 INV
2 1 140 1624 1626 AND
2 1 396 1624 1627 AND
2 1 1622 1625 1628 AND
2 1 1623 1625 1629 AND
2 1 1626 1628 1630 XOR
2 1 1627 1629 1631 XOR
2 1 141 397 1632 XOR
1 1 1632 1633 INV
2 1 141 1632 1634 AND
2 1 397 1632 1635 AND
2 1 1630 1633 1636 AND
2 1 1631 1633 1637 AND
2 1 1634 1636 1638 XOR
2 1 1635 1637 1639 XOR
2 1 142 398 1640 XOR
1 1 1640 1641 INV
2 1 142 1640 1642 AND
2 1 398 1640 1643 AND
2 1 1638 1641 1644 AND
2 1 1639 1641 1645 AND
2 1 1642 1644 1646 XOR
2 1 1643 1645 1647 XOR
2 1 143 399 1648 XOR
1 1 1648 1649 INV
2 1 143 1648 1650 AND
2 1 399 1648 1651 AND
2 1 1646 1649 1652 AND
2 1 1647 1649 1653 AND
2 1 1650 1652 1654 XOR
2 1 1651 1653 1655 XOR
2 1 144 400 1656 XOR
1 1 1656 1657 INV
2 1 144 1656 1658 AND
2 1 400 1656 1659 AND
2 1 1654 1657 1660 AND
2 1 1655 1657 1661 AND
2 1 1658 1660 1662 XOR
2 1 1659 1661 1663 XOR
2 1 145 401 1664 XOR
1 1 1664 1665 INV
2 1 145 1664 1666 AND
2 1 401 1664 1667 AND
2 1 1662 1665 1668 AND
2 1 1663 1665 1669 AND
2 1 1666 1668 1670 XOR
2 1 1667 1669 1671 XOR
2 1 146 402 1672 XOR
1 1 1672 1673 INV
2 1 146 1672 1674 AND
2 1 402 1672 1675 AND
2 1 1670 1673 1676 AND
2 1 1671 1673 1677 AND
2 1 1674 1676 1678 XOR
2 1 1675 1677 1679 XOR
2 1 147 403 1680 XOR
1 1 1680 1681 INV
2 1 147 1680 1682 AND
2 1 403 1680 1683 AND
2 1 1678 1681 1684 AND
2 1 1679 1681 1685 AND
2 1 1682 1684 1686 XOR
2 1 1683 1685 1687 XOR
2 1 148 404 1688 XOR
1 1 1688 1689 INV
2 1 148 1688 1690 AND
2 1 404 1688 1691 AND
2 1 1686 1689 1692 AND
2 1 1687 1689 1693 AND
2 1 1690 1692 1694 XOR
2 1 1691 1693 1695 XOR
2 1 149 405 1696 XOR
1 1 1696 1697 INV
2 1 149 1696 1698 AND
2 1 405 1696 1699 AND
2 1 1694 1697 1700 AND
2 1 1695 1697 1701 AND
2 1 1698 1700 1702 XOR
2 1 1699 1701 1703 XOR
2 1 150 406 1704 XOR
1 1 1704 1705 INV
2 1 150 1704 1706 AND
2 1 406 1704 1707 AND
2 1 1702 1705 1708 AND
2 1 1703 1705 1709 AND
2 1 1706 1708 1710 XOR
2 1 1707 1709 1711 XOR
2 1 151 407 1712 XOR
1 1 1712 1713 INV
2 1 151 1712 1714 AND
2 1 407 1712 1715 AND
2 1 1710 1713 1716 AND
2 1 1711 1713 1717 AND
2 1 1714 1716 1718 XOR
2 1 1715 1717 1719 XOR
2 1 152 408 1720 XOR
1 1 1720 1721 INV
2 1 152 1720 1722 AND
2 1 408 1720 1723 AND
2 1 1718 1721 1724 AND
2 1 1719 1721 1725 AND
2 1 1722 1724 1726 XOR
2 1 1723 1725 1727 XOR
2 1 153 409 1728 XOR
1 1 1728 1729 INV
2 1 153 1728 1730 AND
2 1 409 1728 1731 AND
2 1 1726 1729 1732 AND
2 1 1727 1729 1733 AND
2 1 1730 1732 1734 XOR
2 1 1731 1733 1735 XOR
2 1 154 410 1736 XOR
1 1 1736 1737 INV
2 1 154 1736 1738 AND
2 1 410 1736 1739 AND
2 1 1734 1737 1740 AND
2 1 1735 1737 1741 AND
2 1 1738 1740 1742 XOR
2 1 1739 1741 1743 XOR
2 1 155 411 1744 XOR
1 1 1744 1745 INV
2 1 155 1744 1746 AND
2 1 411 1744 1747 AND
2 1 1742 1745 1748 AND
2 1 1743 1745 1749 AND
2 1 1746 1748 1750 XOR
2 1 1747 1749 1751 XOR
2 1 156 412 1752 XOR
1 1 1752 1753 INV
2 1 156 1752 1754 AND
2 1 412 1752 1755 AND
2 1 1750 1753 1756 AND
2 1 1751 1753 1757 AND
2 1 1754 1756 1758 XOR
2 1 1755 1757 1759 XOR
2 1 157 413 1760 XOR
1 1 1760 1761 INV
2 1 157 1760 1762 AND
2 1 413 1760 1763 AND
2 1 1758 1761 1764 AND
2 1 1759 1761 1765 AND
2 1 1762 1764 1766 XOR
2 1 1763 1765 1767 XOR
2 1 158 414 1768 XOR
1 1 1768 1769 INV
2 1 158 1768 1770 AND
2 1 414 1768 1771 AND
2 1 1766 1769 1772 AND
2 1 1767 1769 1773 AND
2 1 1770 1772 1774 XOR
2 1 1771 1773 1775 XOR
2 1 159 415 1776 XOR
1 1 1776 1777 INV
2 1 159 1776 1778 AND
2 1 415 1776 1779 AND
2 1 1774 1777 1780 AND
2 1 1775 1777 1781 AND
2 1 1778 1780 1782 XOR
2 1 1779 1781 1783 XOR
2 1 160 416 1784 XOR
1 1 1784 1785 INV
2 1 160 1784 1786 AND
2 1 416 1784 1787 AND
2 1 1782 1785 1788 AND
2 1 1783 1785 1789 AND
2 1 1786 1788 1790 XOR
2 1 1787 1789 1791 XOR
2 1 161 417 1792 XOR
1 1 1792 1793 INV
2 1 161 1792 1794 AND
2 1 417 1792 1795 AND
2 1 1790 1793 1796 AND
2 1 1791 1793 1797 AND
2 1 1794 1796 1798 XOR
2 1 1795 1797 1799 XOR
2 1 162 418 1800 XOR
1 1 1800 1801 INV
2 1 162 1800 1802 AND
2 1 418 1800 1803 AND
2 1 1798 1801 1804 AND
2 1 1799 1801 1805 AND
2 1 1802 1804 1806 XOR
2 1 1803 1805 1807 XOR
2 1 163 419 1808 XOR
1 1 1808 1809 INV
2 1 163 1808 1810 AND
2 1 419 1808 1811 AND
2 1 1806 1809 1812 AND
2 1 1807 1809 1813 AND
2 1 1810 1812 1814 XOR
2 1 1811 1813 1815 XOR
2 1 164 420 1816 XOR
1 1 1816 1817 INV
2 1 164 1816 1818 AND
2 1 420 1816 1819 AND
2 1 1814 1817 1820 AND
2 1 1815 1817 1821 AND
2 1 1818 1820 1822 XOR
2 1 1819 1821 1823 XOR
2 1 165 421 1824 XOR
1 1 1824 1825 INV
2 1 165 1824 1826 AND
2 1 421 1824 1827 AND
2 1 1822 1825 1828 AND
2 1 1823 1825 1829 AND
2 1 1826 1828 1830 XOR
2 1 1827 1829 1831 XOR
2 1 166 422 1832 XOR
1 1 1832 1833 INV
2 1 166 1832 1834 AND
2 1 422 1832 1835 AND
2 1 1830 1833 1836 AND
2 1 1831 1833 1837 AND
2 1 1834 1836 1838 XOR
2 1 1835 1837 1839 XOR
2 1 167 423 1840 XOR
1 1 1840 1841 INV
2 1 167 1840 1842 AND
2 1 423 1840 1843 AND
2 1 1838 1841 1844 AND
2 1 1839 1841 1845 AND
2 1 1842 1844 1846 XOR
2 1 1843 1845 1847 XOR
2 1 168 424 1848 XOR
1 1 1848 1849 INV
2 1 168 1848 1850 AND
2 1 424 1848 1851 AND
2 1 1846 1849 1852 AND
2 1 1847 1849 1853 AND
2 1 1850 1852 1854 XOR
2 1 1851 1853 1855 XOR
2 1 169 425 1856 XOR
1 1 1856 1857 INV
2 1 169 1856 1858 AND
2 1 425 1856 1859 AND
2 1 1854 1857 1860 AND
2 1 1855 1857 1861 AND
2 1 1858 1860 1862 XOR
2 1 1859 1861 1863 XOR
2 1 170 426 1864 XOR
1 1 1864 1865 INV
2 1 170 1864 1866 AND
2 1 426 1864 1867 AND
2 1 1862 1865 1868 AND
2 1 1863 1865 1869 AND
2 1 1866 1868 1870 XOR
2 1 1867 1869 1871 XOR
2 1 171 427 1872 XOR
1 1 1872 1873 INV
2 1 171 1872 1874 AND
2 1 427 1872 1875 AND
2 1 1870 1873 1876 AND
2 1 1871 1873 1877 AND
2 1 1874 1876 1878 XOR
2 1 1875 1877 1879 XOR
2 1 172 428 1880 XOR
1 1 1880 1881 INV
2 1 172 1880 1882 AND
2 1 428 1880 1883 AND
2 1 1878 1881 1884 AND
2 1 1879 1881 1885 AND
2 1 1882 1884 1886 XOR
2 1 1883 1885 1887 XOR
2 1 173 429 1888 XOR
1 1 1888 1889 INV
2 1 173 1888 1890 AND
2 1 429 1888 1891 AND
2 1 1886 1889 1892 AND
2 1 1887 1889 1893 AND
2 1 1890 1892 1894 XOR
2 1 1891 1893 1895 XOR
2 1 174 430 1896 XOR
1 1 1896 1897 INV
2 1 174 1896 1898 AND
2 1 430 1896 1899 AND
2 1 1894 1897 1900 AND
2 1 1895 1897 1901 AND
2 1 1898 1900 1902 XOR
2 1 1899 1901 1903 XOR
2 1 175 431 1904 XOR
1 1 1904 1905 INV
2 1 175 1904 1906 AND
2 1 431 1904 1907 AND
2 1 1902 1905 1908 AND
2 1 1903 1905 1909 AND
2 1 1906 1908 1910 XOR
2 1 1907 1909 1911 XOR
2 1 176 432 1912 XOR
1 1 1912 1913 INV
2 1 176 1912 1914 AND
2 1 432 1912 1915 AND
2 1 1910 1913 1916 AND
2 1 1911 1913 1917 AND
2 1 1914 1916 1918 XOR
2 1 1915 1917 1919 XOR
2 1 177 433 1920 XOR
1 1 1920 1921 INV
2 1 177 1920 1922 AND
2 1 433 1920 1923 AND
2 1 1918 1921 1924 AND
2 1 1919 1921 1925 AND
2 1 1922 1924 1926 XOR
2 1 1923 1925 1927 XOR
2 1 178 434 1928 XOR
1 1 1928 1929 INV
2 1 178 1928 1930 AND
2 1 434 1928 1931 AND
2 1 1926 1929 1932 AND
2 1 1927 1929 1933 AND
2 1 1930 1932 1934 XOR
2 1 1931 1933 1935 XOR
2 1 179 435 1936 XOR
1 1 1936 1937 INV
2 1 179 1936 1938 AND
2 1 435 1936 1939 AND
2 1 1934 1937 1940 AND
2 1 1935 1937 1941 AND
2 1 1938 1940 1942 XOR
2 1 1939 1941 1943 XOR
2 1 180 436 1944 XOR
1 1 1944 1945 INV
2 1 180 1944 1946 AND
2 1 436 1944 1947 AND
2 1 1942 1945 1948 AND
2 1 1943 1945 1949 AND
2 1 1946 1948 1950 XOR
2 1 1947 1949 1951 XOR
2 1 181 437 1952 XOR
1 1 1952 1953 INV
2 1 181 1952 1954 AND
2 1 437 1952 1955 AND
2 1 1950 1953 1956 AND
2 1 1951 1953 1957 AND
2 1 1954 1956 1958 XOR
2 1 1955 1957 1959 XOR
2 1 182 438 1960 XOR
1 1 1960 1961 INV
2 1 182 1960 1962 AND
2 1 438 1960 1963 AND
2 1 1958 1961 1964 AND
2 1 1959 1961 1965 AND
2 1 1962 1964 1966 XOR
2 1 1963 1965 1967 XOR
2 1 183 439 1968 XOR
1 1 1968 1969 INV
2 1 183 1968 1970 AND
2 1 439 1968 1971 AND
2 1 1966 1969 1972 AND
2 1 1967 1969 1973 AND
2 1 1970 1972 1974 XOR
2 1 1971 1973 1975 XOR
2 1 184 440 1976 XOR
1 1 1976 1977 INV
2 1 184 1976 1978 AND
2 1 440 1976 1979 AND
2 1 1974 1977 1980 AND
2 1 1975 1977 1981 AND
2 1 1978 1980 1982 XOR
2 1 1979 1981 1983 XOR
2 1 185 441 1984 XOR
1 1 1984 1985 INV
2 1 185 1984 1986 AND
2 1 441 1984 1987 AND
2 1 1982 1985 1988 AND
2 1 1983 1985 1989 AND
2 1 1986 1988 1990 XOR
2 1 1987 1989 1991 XOR
2 1 186 442 1992 XOR
1 1 1992 1993 INV
2 1 186 1992 1994 AND
2 1 442 1992 1995 AND
2 1 1990 1993 1996 AND
2 1 1991 1993 1997 AND
2 1 1994 1996 1998 XOR
2 1 1995 1997 1999 XOR
2 1 187 443 2000 XOR
1 1 2000 2001 INV
2 1 187 2000 2002 AND
2 1 443 2000 2003 AND
2 1 1998 2001 2004 AND
2 1 1999 2001 2005 AND
2 1 2002 2004 2006 XOR
2 1 2003 2005 2007 XOR
2 1 188 444 2008 XOR
1 1 2008 2009 INV
2 1 188 2008 2010 AND
2 1 444 2008 2011 AND
2 1 2006 2009 2012 AND
2 1 2007 2009 2013 AND
2 1 2010 2012 2014 XOR
2 1 2011 2013 2015 XOR
2 1 189 445 2016 XOR
1 1 2016 2017 INV
2 1 189 2016 2018 AND
2 1 445 2016 2019 AND
2 1 2014 2017 2020 AND
2 1 2015 2017 2021 AND
2 1 2018 2020 2022 XOR
2 1 2019 2021 2023 XOR
2 1 190 446 2024 XOR
1 1 2024 2025 INV
2 1 190 2024 2026 AND
2 1 446 2024 2027 AND
2 1 2022 2025 2028 AND
2 1 2023 2025 2029 AND
2 1 2026 2028 2030 XOR
2 1 2027 2029 2031 XOR
2 1 191 447 2032 XOR
1 1 2032 2033 INV
2 1 191 2032 2034 AND
2 1 447 2032 2035 AND
2 1 2030 2033 2036 AND
2 1 2031 2033 2037 AND
2 1 2034 2036 2038 XOR
2 1 2035 2037 2039 XOR
2 1 192 448 2040 XOR
1 1 2040 2041 INV
2 1 192 2040 2042 AND
2 1 448 2040 2043 AND
2 1 2038 2041 2044 AND
2 1 2039 2041 2045 AND
2 1 2042 2044 2046 XOR
2 1 2043 2045 2047 XOR
2 1 193 449 2048 XOR
1 1 2048 2049 INV
2 1 193 2048 2050 AND
2 1 449 2048 2051 AND
2 1 2046 2049 2052 AND
2 1 2047 2049 2053 AND
2 1 2050 2052 2054 XOR
2 1 2051 2053 2055 XOR
2 1 194 450 2056 XOR
1 1 2056 2057 INV
2 1 194 2056 2058 AND
2 1 450 2056 2059 AND
2 1 2054 2057 2060 AND
2 1 2055 2057 2061 AND
2 1 2058 2060 2062 XOR
2 1 2059 2061 2063 XOR
2 1 195 451 2064 XOR
1 1 2064 2065 INV
2 1 195 2064 2066 AND
2 1 451 2064 2067 AND
2 1 2062 2065 2068 AND
2 1 2063 2065 2069 AND
2 1 2066 2068 2070 XOR
2 1 2067 2069 2071 XOR
2 1 196 452 2072 XOR
1 1 2072 2073 INV
2 1 196 2072 2074 AND
2 1 452 2072 2075 AND
2 1 2070 2073 2076 AND
2 1 2071 2073 2077 AND
2 1 2074 2076 2078 XOR
2 1 2075 2077 2079 XOR
2 1 197 453 2080 XOR
1 1 2080 2081 INV
2 1 197 2080 2082 AND
2 1 453 2080 2083 AND
2 1 2078 2081 2084 AND
2 1 2079 2081 2085 AND
2 1 2082 2084 2086 XOR
2 1 2083 2085 2087 XOR
2 1 198 454 2088 XOR
1 1 2088 2089 INV
2 1 198 2088 2090 AND
2 1 454 2088 2091 AND
2 1 2086 2089 2092 AND
2 1 2087 2089 2093 AND
2 1 2090 2092 2094 XOR
2 1 2091 2093 2095 XOR
2 1 199 455 2096 XOR
1 1 2096 2097 INV
2 1 199 2096 2098 AND
2 1 455 2096 2099 AND
2 1 2094 2097 2100 AND
2 1 2095 2097 2101 AND
2 1 2098 2100 2102 XOR
2 1 2099 2101 2103 XOR
2 1 200 456 2104 XOR
1 1 2104 2105 INV
2 1 200 2104 2106 AND
2 1 456 2104 2107 AND
2 1 2102 2105 2108 AND
2 1 2103 2105 2109 AND
2 1 2106 2108 2110 XOR
2 1 2107 2109 2111 XOR
2 1 201 457 2112 XOR
1 1 2112 2113 INV
2 1 201 2112 2114 AND
2 1 457 2112 2115 AND
2 1 2110 2113 2116 AND
2 1 2111 2113 2117 AND
2 1 2114 2116 2118 XOR
2 1 2115 2117 2119 XOR
2 1 202 458 2120 XOR
1 1 2120 2121 INV
2 1 202 2120 2122 AND
2 1 458 2120 2123 AND
2 1 2118 2121 2124 AND
2 1 2119 2121 2125 AND
2 1 2122 2124 2126 XOR
2 1 2123 2125 2127 XOR
2 1 203 459 2128 XOR
1 1 2128 2129 INV
2 1 203 2128 2130 AND
2 1 459 2128 2131 AND
2 1 2126 2129 2132 AND
2 1 2127 2129 2133 AND
2 1 2130 2132 2134 XOR
2 1 2131 2133 2135 XOR
2 1 204 460 2136 XOR
1 1 2136 2137 INV
2 1 204 2136 2138 AND
2 1 460 2136 2139 AND
2 1 2134 2137 2140 AND
2 1 2135 2137 2141 AND
2 1 2138 2140 2142 XOR
2 1 2139 2141 2143 XOR
2 1 205 461 2144 XOR
1 1 2144 2145 INV
2 1 205 2144 2146 AND
2 1 461 2144 2147 AND
2 1 2142 2145 2148 AND
2 1 2143 2145 2149 AND
2 1 2146 2148 2150 XOR
2 1 2147 2149 2151 XOR
2 1 206 462 2152 XOR
1 1 2152 2153 INV
2 1 206 2152 2154 AND
2 1 462 2152 2155 AND
2 1 2150 2153 2156 AND
2 1 2151 2153 2157 AND
2 1 2154 2156 2158 XOR
2 1 2155 2157 2159 XOR
2 1 207 463 2160 XOR
1 1 2160 2161 INV
2 1 207 2160 2162 AND
2 1 463 2160 2163 AND
2 1 2158 2161 2164 AND
2 1 2159 2161 2165 AND
2 1 2162 2164 2166 XOR
2 1 2163 2165 2167 XOR
2 1 208 464 2168 XOR
1 1 2168 2169 INV
2 1 208 2168 2170 AND
2 1 464 2168 2171 AND
2 1 2166 2169 2172 AND
2 1 2167 2169 2173 AND
2 1 2170 2172 2174 XOR
2 1 2171 2173 2175 XOR
2 1 209 465 2176 XOR
1 1 2176 2177 INV
2 1 209 2176 2178 AND
2 1 465 2176 2179 AND
2 1 2174 2177 2180 AND
2 1 2175 2177 2181 AND
2 1 2178 2180 2182 XOR
2 1 2179 2181 2183 XOR
2 1 210 466 2184 XOR
1 1 2184 2185 INV
2 1 210 2184 2186 AND
2 1 466 2184 2187 AND
2 1 2182 2185 2188 AND
2 1 2183 2185 2189 AND
2 1 2186 2188 2190 XOR
2 1 2187 2189 2191 XOR
2 1 211 467 2192 XOR
1 1 2192 2193 INV
2 1 211 2192 2194 AND
2 1 467 2192 2195 AND
2 1 2190 2193 2196 AND
2 1 2191 2193 2197 AND
2 1 2194 2196 2198 XOR
2 1 2195 2197 2199 XOR
2 1 212 468 2200 XOR
1 1 2200 2201 INV
2 1 212 2200 2202 AND
2 1 468 2200 2203 AND
2 1 2198 2201 2204 AND
2 1 2199 2201 2205 AND
2 1 2202 2204 2206 XOR
2 1 2203 2205 2207 XOR
2 1 213 469 2208 XOR
1 1 2208 2209 INV
2 1 213 2208 2210 AND
2 1 469 2208 2211 AND
2 1 2206 2209 2212 AND
2 1 2207 2209 2213 AND
2 1 2210 2212 2214 XOR
2 1 2211 2213 2215 XOR
2 1 214 470 2216 XOR
1 1 2216 2217 INV
2 1 214 2216 2218 AND
2 1 470 2216 2219 AND
2 1 2214 2217 2220 AND
2 1 2215 2217 2221 AND
2 1 2218 2220 2222 XOR
2 1 2219 2221 2223 XOR
2 1 215 471 2224 XOR
1 1 2224 2225 INV
2 1 215 2224 2226 AND
2 1 471 2224 2227 AND
2 1 2222 2225 2228 AND
2 1 2223 2225 2229 AND
2 1 2226 2228 2230 XOR
2 1 2227 2229 2231 XOR
2 1 216 472 2232 XOR
1 1 2232 2233 INV
2 1 216 2232 2234 AND
2 1 472 2232 2235 AND
2 1 2230 2233 2236 AND
2 1 2231 2233 2237 AND
2 1 2234 2236 2238 XOR
2 1 2235 2237 2239 XOR
2 1 217 473 2240 XOR
1 1 2240 2241 INV
2 1 217 2240 2242 AND
2 1 473 2240 2243 AND
2 1 2238 2241 2244 AND
2 1 2239 2241 2245 AND
2 1 2242 2244 2246 XOR
2 1 2243 2245 2247 XOR
2 1 218 474 2248 XOR
1 1 2248 2249 INV
2 1 218 2248 2250 AND
2 1 474 2248 2251 AND
2 1 2246 2249 2252 AND
2 1 2247 2249 2253 AND
2 1 2250 2252 2254 XOR
2 1 2251 2253 2255 XOR
2 1 219 475 2256 XOR
1 1 2256 2257 INV
2 1 219 2256 2258 AND
2 1 475 2256 2259 AND
2 1 2254 2257 2260 AND
2 1 2255 2257 2261 AND
2 1 2258 2260 2262 XOR
2 1 2259 2261 2263 XOR
2 1 220 476 2264 XOR
1 1 2264 2265 INV
2 1 220 2264 2266 AND
2 1 476 2264 2267 AND
2 1 2262 2265 2268 AND
2 1 2263 2265 2269 AND
2 1 2266 2268 2270 XOR
2 1 2267 2269 2271 XOR
2 1 221 477 2272 XOR
1 1 2272 2273 INV
2 1 221 2272 2274 AND
2 1 477 2272 2275 AND
2 1 2270 2273 2276 AND
2 1 2271 2273 2277 AND
2 1 2274 2276 2278 XOR
2 1 2275 2277 2279 XOR
2 1 222 478 2280 XOR
1 1 2280 2281 INV
2 1 222 2280 2282 AND
2 1 478 2280 2283 AND
2 1 2278 2281 2284 AND
2 1 2279 2281 2285 AND
2 1 2282 2284 2286 XOR
2 1 2283 2285 2287 XOR
2 1 223 479 2288 XOR
1 1 2288 2289 INV
2 1 223 2288 2290 AND
2 1 479 2288 2291 AND
2 1 2286 2289 2292 AND
2 1 2287 2289 2293 AND
2 1 2290 2292 2294 XOR
2 1 2291 2293 2295 XOR
2 1 224 480 2296 XOR
1 1 2296 2297 INV
2 1 224 2296 2298 AND
2 1 480 2296 2299 AND
2 1 2294 2297 2300 AND
2 1 2295 2297 2301 AND
2 1 2298 2300 2302 XOR
2 1 2299 2301 2303 XOR
2 1 225 481 2304 XOR
1 1 2304 2305 INV
2 1 225 2304 2306 AND
2 1 481 2304 2307 AND
2 1 2302 2305 2308 AND
2 1 2303 2305 2309 AND
2 1 2306 2308 2310 XOR
2 1 2307 2309 2311 XOR
2 1 226 482 2312 XOR
1 1 2312 2313 INV
2 1 226 2312 2314 AND
2 1 482 2312 2315 AND
2 1 2310 2313 2316 AND
2 1 2311 2313 2317 AND
2 1 2314 2316 2318 XOR
2 1 2315 2317 2319 XOR
2 1 227 483 2320 XOR
1 1 2320 2321 INV
2 1 227 2320 2322 AND
2 1 483 2320 2323 AND
2 1 2318 2321 2324 AND
2 1 2319 2321 2325 AND
2 1 2322 2324 2326 XOR
2 1 2323 2325 2327 XOR
2 1 228 484 2328 XOR
1 1 2328 2329 INV
2 1 228 2328 2330 AND
2 1 484 2328 2331 AND
2 1 2326 2329 2332 AND
2 1 2327 2329 2333 AND
2 1 2330 2332 2334 XOR
2 1 2331 2333 2335 XOR
2 1 229 485 2336 XOR
1 1 2336 2337 INV
2 1 229 2336 2338 AND
2 1 485 2336 2339 AND
2 1 2334 2337 2340 AND
2 1 2335 2337 2341 AND
2 1 2338 2340 2342 XOR
2 1 2339 2341 2343 XOR
2 1 230 486 2344 XOR
1 1 2344 2345 INV
2 1 230 2344 2346 AND
2 1 486 2344 2347 AND
2 1 2342 2345 2348 AND
2 1 2343 2345 2349 AND
2 1 2346 2348 2350 XOR
2 1 2347 2349 2351 XOR
2 1 231 487 2352 XOR
1 1 2352 2353 INV
2 1 231 2352 2354 AND
2 1 487 2352 2355 AND
2 1 2350 2353 2356 AND
2 1 2351 2353 2357 AND
2 1 2354 2356 2358 XOR
2 1 2355 2357 2359 XOR
2 1 232 488 2360 XOR
1 1 2360 2361 INV
2 1 232 2360 2362 AND
2 1 488 2360 2363 AND
2 1 2358 2361 2364 AND
2 1 2359 2361 2365 AND
2 1 2362 2364 2366 XOR
2 1 2363 2365 2367 XOR
2 1 233 489 2368 XOR
1 1 2368 2369 INV
2 1 233 2368 2370 AND
2 1 489 2368 2371 AND
2 1 2366 2369 2372 AND
2 1 2367 2369 2373 AND
2 1 2370 2372 2374 XOR
2 1 2371 2373 2375 XOR
2 1 234 490 2376 XOR
1 1 2376 2377 INV
2 1 234 2376 2378 AND
2 1 490 2376 2379 AND
2 1 2374 2377 2380 AND
2 1 2375 2377 2381 AND
2 1 2378 2380 2382 XOR
2 1 2379 2381 2383 XOR
2 1 235 491 2384 XOR
1 1 2384 2385 INV
2 1 235 2384 2386 AND
2 1 491 2384 2387 AND
2 1 2382 2385 2388 AND
2 1 2383 2385 2389 AND
2 1 2386 2388 2390 XOR
2 1 2387 2389 2391 XOR
2 1 236 492 2392 XOR
1 1 2392 2393 INV
2 1 236 2392 2394 AND
2 1 492 2392 2395 AND
2 1 2390 2393 2396 AND
2 1 2391 2393 2397 AND
2 1 2394 2396 2398 XOR
2 1 2395 2397 2399 XOR
2 1 237 493 2400 XOR
1 1 2400 2401 INV
2 1 237 2400 2402 AND
2 1 493 2400 2403 AND
2 1 2398 2401 2404 AND
2 1 2399 2401 2405 AND
2 1 2402 2404 2406 XOR
2 1 2403 2405 2407 XOR
2 1 238 494 2408 XOR
1 1 2408 2409 INV
2 1 238 2408 2410 AND
2 1 494 2408 2411 AND
2 1 2406 2409 2412 AND
2 1 2407 2409 2413 AND
2 1 2410 2412 2414 XOR
2 1 2411 2413 2415 XOR
2 1 239 495 2416 XOR
1 1 2416 2417 INV
2 1 239 2416 2418 AND
2 1 495 2416 2419 AND
2 1 2414 2417 2420 AND
2 1 2415 2417 2421 AND
2 1 2418 2420 2422 XOR
2 1 2419 2421 2423 XOR
2 1 240 496 2424 XOR
1 1 2424 2425 INV
2 1 240 2424 2426 AND
2 1 496 2424 2427 AND
2 1 2422 2425 2428 AND
2 1 2423 2425 2429 AND
2 1 2426 2428 2430 XOR
2 1 2427 2429 2431 XOR
2 1 241 497 2432 XOR
1 1 2432 2433 INV
2 1 241 2432 2434 AND
2 1 497 2432 2435 AND
2 1 2430 2433 2436 AND
2 1 2431 2433 2437 AND
2 1 2434 2436 2438 XOR
2 1 2435 2437 2439 XOR
2 1 242 498 2440 XOR
1 1 2440 2441 INV
2 1 242 2440 2442 AND
2 1 498 2440 2443 AND
2 1 2438 2441 2444 AND
2 1 2439 2441 2445 AND
2 1 2442 2444 2446 XOR
2 1 2443 2445 2447 XOR
2 1 243 499 2448 XOR
1 1 2448 2449 INV
2 1 243 2448 2450 AND
2 1 499 2448 2451 AND
2 1 2446 2449 2452 AND
2 1 2447 2449 2453 AND
2 1 2450 2452 2454 XOR
2 1 2451 2453 2455 XOR
2 1 244 500 2456 XOR
1 1 2456 2457 INV
2 1 244 2456 2458 AND
2 1 500 2456 2459 AND
2 1 2454 2457 2460 AND
2 1 2455 2457 2461 AND
2 1 2458 2460 2462 XOR
2 1 2459 2461 2463 XOR
2 1 245 501 2464 XOR
1 1 2464 2465 INV
2 1 245 2464 2466 AND
2 1 501 2464 2467 AND
2 1 2462 2465 2468 AND
2 1 2463 2465 2469 AND
2 1 2466 2468 2470 XOR
2 1 2467 2469 2471 XOR
2 1 246 502 2472 XOR
1 1 2472 2473 INV
2 1 246 2472 2474 AND
2 1 502 2472 2475 AND
2 1 2470 2473 2476 AND
2 1 2471 2473 2477 AND
2 1 2474 2476 2478 XOR
2 1 2475 2477 2479 XOR
2 1 247 503 2480 XOR
1 1 2480 2481 INV
2 1 247 2480 2482 AND
2 1 503 2480 2483 AND
2 1 2478 2481 2484 AND
2 1 2479 2481 2485 AND
2 1 2482 2484 2486 XOR
2 1 2483 2485 2487 XOR
2 1 248 504 2488 XOR
1 1 2488 2489 INV
2 1 248 2488 2490 AND
2 1 504 2488 2491 AND
2 1 2486 2489 2492 AND
2 1 2487 2489 2493 AND
2 1 2490 2492 2494 XOR
2 1 2491 2493 2495 XOR
2 1 249 505 2496 XOR
1 1 2496 2497 INV
2 1 249 2496 2498 AND
2 1 505 2496 2499 AND
2 1 2494 2497 2500 AND
2 1 2495 2497 2501 AND
2 1 2498 2500 2502 XOR
2 1 2499 2501 2503 XOR
2 1 250 506 2504 XOR
1 1 2504 2505 INV
2 1 250 2504 2506 AND
2 1 506 2504 2507 AND
2 1 2502 2505 2508 AND
2 1 2503 2505 2509 AND
2 1 2506 2508 2510 XOR
2 1 2507 2509 2511 XOR
2 1 251 507 2512 XOR
1 1 2512 2513 INV
2 1 251 2512 2514 AND
2 1 507 2512 2515 AND
2 1 2510 2513 2516 AND
2 1 2511 2513 2517 AND
2 1 2514 2516 2518 XOR
2 1 2515 2517 2519 XOR
2 1 252 508 2520 XOR
1 1 2520 2521 INV
2 1 252 2520 2522 AND
2 1 508 2520 2523 AND
2 1 2518 2521 2524 AND
2 1 2519 2521 2525 AND
2 1 2522 2524 2526 XOR
2 1 2523 2525 2527 XOR
2 1 253 509 2528 XOR
1 1 2528 2529 INV
2 1 253 2528 2530 AND
2 1 509 2528 2531 AND
2 1 2526 2529 2532 AND
2 1 2527 2529 2533 AND
2 1 2530 2532 2534 XOR
2 1 2531 2533 2535 XOR
2 1 254 510 2536 XOR
1 1 2536 2537 INV
2 1 254 2536 2538 AND
2 1 510 2536 2539 AND
2 1 2534 2537 2540 AND
2 1 2535 2537 2541 AND
2 1 2538 2540 2542 XOR
2 1 2539 2541 2543 XOR
2 1 255 511 2544 XOR
1 1 2544 2545 INV
2 1 511 2544 2546 AND
2 1 2542 2543 2547 AND
2 1 2547 2543 2548 XOR
2 1 2545 2548 2549 AND
2 1 2546 2549 2550 XOR
